STEVAL-MKI196V1 (LSM6DSO)

A_X [mg] 	 A_Y [mg] 	 A_Z [mg] 	A_X [deg] 	 A_Y [deg] 	 A_Z [deg] 	G_X [dps] 	 G_Y [dps] 	 G_Z [dps] 	
-19 	 13 	 1017 	-1 	 0 	 88 	-0.1575 	 0.58625 	 -0.30625 	
-19 	 13 	 1018 	-1 	 0 	 88 	-0.21875 	 0.6475 	 -0.2625 	
-20 	 14 	 1018 	-1 	 0 	 88 	-0.18375 	 0.60375 	 -0.23625 	
-19 	 13 	 1015 	-1 	 0 	 88 	-0.18375 	 0.595 	 -0.1925 	
-18 	 13 	 1016 	-1 	 0 	 88 	-0.245 	 0.58625 	 -0.1225 	
-18 	 13 	 1017 	-1 	 0 	 88 	-0.2275 	 0.56875 	 -0.13125 	
-19 	 13 	 1017 	-1 	 0 	 88 	-0.20125 	 0.6125 	 -0.1225 	
-18 	 14 	 1016 	-1 	 0 	 88 	-0.27125 	 0.55125 	 -0.1225 	
-18 	 13 	 1017 	-1 	 0 	 88 	-0.28 	 0.595 	 -0.13125 	
-19 	 13 	 1017 	-1 	 0 	 88 	-0.28875 	 0.55125 	 -0.14 	
-19 	 13 	 1016 	-1 	 0 	 88 	-0.245 	 0.595 	 -0.175 	
-18 	 14 	 1016 	-1 	 0 	 88 	-0.245 	 0.595 	 -0.21875 	
-19 	 13 	 1018 	-1 	 0 	 88 	-0.245 	 0.55125 	 -0.23625 	
-18 	 13 	 1016 	-1 	 0 	 88 	-0.25375 	 0.595 	 -0.21875 	
-19 	 14 	 1017 	-1 	 0 	 88 	-0.2975 	 0.56 	 -0.21 	
-18 	 13 	 1017 	-1 	 0 	 88 	-0.315 	 0.55125 	 -0.1575 	
-19 	 13 	 1017 	-1 	 0 	 88 	-0.315 	 0.58625 	 -0.1925 	
-20 	 14 	 1017 	-1 	 0 	 88 	-0.2625 	 0.55125 	 -0.23625 	
-19 	 14 	 1016 	-1 	 0 	 88 	-0.30625 	 0.6125 	 -0.18375 	
-18 	 14 	 1018 	-1 	 0 	 88 	-0.27125 	 0.51625 	 -0.18375 	
-19 	 13 	 1017 	-1 	 0 	 88 	-0.3325 	 0.5425 	 -0.1575 	
-18 	 14 	 1018 	-1 	 0 	 88 	-0.32375 	 0.56875 	 -0.1925 	
-16 	 14 	 1016 	0 	 0 	 89 	-0.34125 	 0.7175 	 -0.1925 	
-19 	 13 	 1017 	-1 	 0 	 88 	-0.20125 	 1.28625 	 -0.25375 	
-21 	 13 	 1018 	-1 	 0 	 88 	-0.14 	 1.3125 	 -0.23625 	
-23 	 16 	 1018 	-1 	 0 	 88 	-0.27125 	 0.3675 	 -0.18375 	
-14 	 12 	 1016 	0 	 0 	 89 	-0.62125 	 -0.70875 	 -0.00875 	
-21 	 14 	 1018 	-1 	 0 	 88 	-0.20125 	 0.51625 	 -0.1575 	
-16 	 12 	 1016 	0 	 0 	 89 	-0.32375 	 0.42875 	 -0.14 	
-20 	 14 	 1016 	-1 	 0 	 88 	-0.1225 	 0.58625 	 -0.2275 	
-20 	 15 	 1017 	-1 	 0 	 88 	-0.20125 	 0.60375 	 -0.14 	
-18 	 14 	 1017 	-1 	 0 	 88 	-0.23625 	 0.5425 	 -0.16625 	
-18 	 13 	 1017 	-1 	 0 	 88 	-0.2625 	 0.595 	 -0.20125 	
-19 	 13 	 1018 	-1 	 0 	 88 	-0.175 	 0.62125 	 -0.28875 	
-19 	 13 	 1018 	-1 	 0 	 88 	-0.23625 	 0.55125 	 -0.2975 	
-19 	 14 	 1016 	-1 	 0 	 88 	-0.25375 	 0.63875 	 -0.27125 	
-19 	 13 	 1016 	-1 	 0 	 88 	-0.20125 	 0.5425 	 -0.32375 	
-19 	 13 	 1016 	-1 	 0 	 88 	-0.14875 	 0.63 	 -0.2975 	
-19 	 14 	 1017 	-1 	 0 	 88 	-0.1225 	 0.58625 	 -0.28875 	
-20 	 14 	 1016 	-1 	 0 	 88 	-0.175 	 0.63875 	 -0.2625 	
-18 	 13 	 1017 	-1 	 0 	 88 	-0.21875 	 0.58625 	 -0.25375 	
-20 	 14 	 1017 	-1 	 0 	 88 	-0.20125 	 0.56 	 -0.245 	
-20 	 14 	 1017 	-1 	 0 	 88 	-0.28875 	 0.6125 	 -0.23625 	
-19 	 13 	 1018 	-1 	 0 	 88 	-0.315 	 0.5425 	 -0.2275 	
-20 	 13 	 1018 	-1 	 0 	 88 	-0.1575 	 0.60375 	 -0.32375 	
-20 	 14 	 1018 	-1 	 0 	 88 	-0.175 	 0.56875 	 -0.315 	
-19 	 15 	 1017 	-1 	 0 	 88 	-0.2275 	 0.5775 	 -0.30625 	
-19 	 14 	 1016 	-1 	 0 	 88 	-0.23625 	 0.60375 	 -0.20125 	
-21 	 14 	 1017 	-1 	 0 	 88 	-0.175 	 0.58625 	 -0.09625 	
-18 	 13 	 1018 	-1 	 0 	 88 	-0.2625 	 0.63 	 0.07 	
-19 	 13 	 1017 	-1 	 0 	 88 	-0.25375 	 0.63 	 -0.00875 	
-20 	 15 	 1015 	-1 	 0 	 88 	-0.21 	 0.63 	 -0.0525 	
-19 	 14 	 1017 	-1 	 0 	 88 	-0.175 	 0.63875 	 0.06125 	
-19 	 15 	 1017 	-1 	 0 	 88 	-0.16625 	 0.6475 	 0.105 	
-17 	 13 	 1016 	0 	 0 	 89 	-0.175 	 0.665 	 0.1225 	
-18 	 13 	 1016 	-1 	 0 	 88 	-0.0525 	 0.65625 	 -0.14 	
-18 	 13 	 1017 	-1 	 0 	 88 	-0.0175 	 0.7175 	 -0.20125 	
-18 	 14 	 1017 	-1 	 0 	 88 	-0.00875 	 0.69125 	 -0.2275 	
-18 	 13 	 1017 	-1 	 0 	 88 	-0.00875 	 0.6825 	 -0.23625 	
-18 	 14 	 1017 	-1 	 0 	 88 	0.00875 	 0.7175 	 -0.25375 	
-19 	 14 	 1017 	-1 	 0 	 88 	0.04375 	 0.7 	 -0.315 	
-19 	 14 	 1017 	-1 	 0 	 88 	0.00875 	 0.74375 	 -0.32375 	
-20 	 15 	 1017 	-1 	 0 	 88 	0.04375 	 0.70875 	 -0.39375 	
-20 	 15 	 1016 	-1 	 0 	 88 	-0.035 	 0.67375 	 -0.34125 	
-20 	 14 	 1016 	-1 	 0 	 88 	-0.1225 	 0.63875 	 -0.30625 	
-20 	 15 	 1017 	-1 	 0 	 88 	-0.16625 	 0.63 	 -0.32375 	
-19 	 16 	 1017 	-1 	 0 	 88 	-0.2275 	 0.63875 	 -0.27125 	
-19 	 14 	 1017 	-1 	 0 	 88 	-0.21 	 0.62125 	 -0.20125 	
-19 	 15 	 1016 	-1 	 0 	 88 	-0.07 	 0.7 	 -0.21 	
-16 	 15 	 1017 	0 	 0 	 89 	-0.0175 	 0.6825 	 -0.105 	
-17 	 13 	 1017 	0 	 0 	 89 	0.02625 	 0.69125 	 -0.09625 	
-23 	 15 	 1017 	-1 	 0 	 88 	0.06125 	 0.76125 	 -0.14 	
-29 	 25 	 1011 	-1 	 1 	 88 	0.83125 	 1.0675 	 0.42875 	
-6 	 5 	 1020 	0 	 0 	 90 	-0.28875 	 0.595 	 0.81375 	
-20 	 16 	 1016 	-1 	 0 	 88 	-0.0175 	 0.6825 	 -0.035 	
-20 	 15 	 1016 	-1 	 0 	 88 	-0.18375 	 0.63 	 -0.035 	
-19 	 15 	 1016 	-1 	 0 	 88 	-0.21 	 0.6125 	 0.0525 	
-18 	 15 	 1016 	-1 	 0 	 88 	-0.1925 	 0.56875 	 0 	
-19 	 15 	 1016 	-1 	 0 	 88 	-0.245 	 0.62125 	 -0.0175 	
-19 	 15 	 1018 	-1 	 0 	 88 	-0.23625 	 0.53375 	 -0.00875 	
-20 	 15 	 1017 	-1 	 0 	 88 	-0.27125 	 0.60375 	 -0.00875 	
-20 	 15 	 1016 	-1 	 0 	 88 	-0.28 	 0.595 	 -0.04375 	
-19 	 16 	 1018 	-1 	 0 	 88 	-0.28 	 0.56 	 0.0525 	
-20 	 15 	 1016 	-1 	 0 	 88 	-0.245 	 0.595 	 0.02625 	
-20 	 15 	 1017 	-1 	 0 	 88 	-0.21 	 0.58625 	 -0.0525 	
-20 	 16 	 1017 	-1 	 0 	 88 	-0.25375 	 0.63 	 -0.00875 	
-20 	 15 	 1016 	-1 	 0 	 88 	-0.23625 	 0.56875 	 0.0175 	
-19 	 16 	 1017 	-1 	 0 	 88 	-0.23625 	 0.56875 	 0.07 	
-18 	 16 	 1018 	-1 	 0 	 88 	-0.2625 	 0.595 	 0.11375 	
-19 	 14 	 1018 	-1 	 0 	 88 	-0.23625 	 0.5425 	 -0.00875 	
-20 	 15 	 1016 	-1 	 0 	 88 	-0.245 	 0.6125 	 -0.14 	
-20 	 15 	 1017 	-1 	 0 	 88 	-0.28875 	 0.5425 	 -0.16625 	
-20 	 15 	 1017 	-1 	 0 	 88 	-0.2975 	 0.56875 	 -0.175 	
-19 	 15 	 1018 	-1 	 0 	 88 	-0.385 	 0.56 	 -0.13125 	
-19 	 14 	 1018 	-1 	 0 	 88 	-0.3675 	 0.49 	 -0.09625 	
-19 	 16 	 1016 	-1 	 0 	 88 	-0.28875 	 0.60375 	 -0.1225 	
-21 	 16 	 1016 	-1 	 0 	 88 	-0.175 	 0.6125 	 -0.0525 	
-20 	 16 	 1016 	-1 	 0 	 88 	-0.18375 	 0.63875 	 0.16625 	
-20 	 15 	 1016 	-1 	 0 	 88 	-0.14875 	 0.62125 	 0.2625 	
-19 	 15 	 1018 	-1 	 0 	 88 	-0.20125 	 0.58625 	 0.25375 	
-21 	 16 	 1017 	-1 	 0 	 88 	-0.21 	 0.63 	 0.14 	
-20 	 15 	 1016 	-1 	 0 	 88 	-0.21 	 0.56875 	 0.14 	
-19 	 15 	 1018 	-1 	 0 	 88 	-0.2975 	 0.63 	 0.20125 	
-19 	 15 	 1016 	-1 	 0 	 88 	-0.27125 	 0.56875 	 0.07875 	
-18 	 14 	 1017 	-1 	 0 	 88 	-0.35 	 0.55125 	 -0.00875 	
-20 	 15 	 1017 	-1 	 0 	 88 	-0.30625 	 0.58625 	 -0.04375 	
-20 	 16 	 1017 	-1 	 0 	 88 	-0.18375 	 0.60375 	 -0.0175 	
-19 	 15 	 1017 	-1 	 0 	 88 	-0.1575 	 0.6475 	 0.13125 	
-19 	 14 	 1017 	-1 	 0 	 88 	-0.18375 	 0.5775 	 0.07 	
-20 	 14 	 1017 	-1 	 0 	 88 	-0.14 	 0.6475 	 -0.0525 	
-19 	 15 	 1017 	-1 	 0 	 88 	-0.13125 	 0.62125 	 -0.11375 	
-19 	 15 	 1018 	-1 	 0 	 88 	-0.18375 	 0.6125 	 -0.1925 	
-20 	 14 	 1017 	-1 	 0 	 88 	-0.2625 	 0.62125 	 -0.21 	
-19 	 14 	 1018 	-1 	 0 	 88 	-0.245 	 0.56875 	 -0.2625 	
-19 	 16 	 1017 	-1 	 0 	 88 	-0.245 	 0.6125 	 -0.23625 	
-19 	 15 	 1017 	-1 	 0 	 88 	-0.21 	 0.56 	 -0.245 	
-21 	 16 	 1017 	-1 	 0 	 88 	-0.25375 	 0.56875 	 -0.175 	
-21 	 18 	 1017 	-1 	 1 	 88 	-0.25375 	 0.60375 	 0 	
-20 	 15 	 1016 	-1 	 0 	 88 	-0.25375 	 0.55125 	 0.25375 	
-19 	 15 	 1017 	-1 	 0 	 88 	-0.2975 	 0.5775 	 0.16625 	
-20 	 15 	 1016 	-1 	 0 	 88 	-0.3325 	 0.525 	 -0.06125 	
-19 	 14 	 1018 	-1 	 0 	 88 	-0.28 	 0.5425 	 -0.1575 	
-20 	 16 	 1017 	-1 	 0 	 88 	-0.2975 	 0.56 	 -0.245 	
-19 	 15 	 1017 	-1 	 0 	 88 	-0.28 	 0.55125 	 -0.23625 	
-20 	 16 	 1017 	-1 	 0 	 88 	-0.2625 	 0.58625 	 -0.21875 	
-19 	 16 	 1018 	-1 	 0 	 88 	-0.245 	 0.55125 	 -0.1575 	
-21 	 16 	 1017 	-1 	 0 	 88 	-0.2625 	 0.595 	 -0.1575 	
-20 	 15 	 1018 	-1 	 0 	 88 	-0.32375 	 0.53375 	 -0.14875 	
-19 	 15 	 1018 	-1 	 0 	 88 	-0.2975 	 0.56875 	 -0.1925 	
-20 	 15 	 1018 	-1 	 0 	 88 	-0.2625 	 0.5775 	 -0.20125 	
-19 	 15 	 1017 	-1 	 0 	 88 	-0.23625 	 0.525 	 -0.21875 	
-19 	 15 	 1016 	-1 	 0 	 88 	-0.21 	 0.595 	 -0.2275 	
-20 	 16 	 1018 	-1 	 0 	 88 	-0.1925 	 0.5775 	 -0.28 	
-19 	 15 	 1017 	-1 	 0 	 88 	-0.21875 	 0.6125 	 -0.25375 	
-20 	 15 	 1017 	-1 	 0 	 88 	-0.25375 	 0.5775 	 -0.2275 	
-19 	 15 	 1017 	-1 	 0 	 88 	-0.245 	 0.55125 	 -0.23625 	
-20 	 16 	 1017 	-1 	 0 	 88 	-0.28875 	 0.62125 	 -0.25375 	
-20 	 16 	 1017 	-1 	 0 	 88 	-0.245 	 0.58625 	 -0.28 	
-20 	 16 	 1018 	-1 	 0 	 88 	-0.20125 	 0.63 	 -0.2975 	
-19 	 15 	 1016 	-1 	 0 	 88 	-0.14 	 0.665 	 -0.30625 	
-20 	 16 	 1016 	-1 	 0 	 88 	-0.07875 	 0.6475 	 -0.32375 	
-20 	 15 	 1017 	-1 	 0 	 88 	-0.20125 	 0.5775 	 -0.245 	
-19 	 16 	 1018 	-1 	 0 	 88 	-0.18375 	 0.6125 	 -0.28875 	
-19 	 16 	 1018 	-1 	 0 	 88 	-0.14875 	 0.65625 	 -0.28 	
-19 	 16 	 1018 	-1 	 0 	 88 	-0.1925 	 0.6125 	 -0.20125 	
-20 	 16 	 1017 	-1 	 0 	 88 	-0.23625 	 0.6125 	 -0.175 	
-20 	 16 	 1017 	-1 	 0 	 88 	-0.23625 	 0.60375 	 -0.14875 	
-20 	 16 	 1017 	-1 	 0 	 88 	-0.27125 	 0.56 	 -0.11375 	
-20 	 15 	 1017 	-1 	 0 	 88 	-0.315 	 0.5775 	 -0.13125 	
-19 	 16 	 1017 	-1 	 0 	 88 	-0.2625 	 0.53375 	 -0.21875 	
-20 	 15 	 1016 	-1 	 0 	 88 	-0.28875 	 0.56875 	 -0.21 	
-19 	 15 	 1017 	-1 	 0 	 88 	-0.28875 	 0.53375 	 -0.21 	
-20 	 15 	 1018 	-1 	 0 	 88 	-0.3325 	 0.55125 	 -0.245 	
-19 	 16 	 1017 	-1 	 0 	 88 	-0.32375 	 0.56875 	 -0.21875 	
-20 	 15 	 1017 	-1 	 0 	 88 	-0.2625 	 0.56 	 -0.2625 	
-19 	 15 	 1017 	-1 	 0 	 88 	-0.27125 	 0.60375 	 -0.20125 	
-19 	 15 	 1017 	-1 	 0 	 88 	-0.2625 	 0.5775 	 -0.175 	
-19 	 17 	 1018 	-1 	 0 	 88 	-0.28 	 0.56 	 -0.16625 	
-20 	 16 	 1018 	-1 	 0 	 88 	-0.28 	 0.5775 	 -0.11375 	
-20 	 16 	 1018 	-1 	 0 	 88 	-0.32375 	 0.5425 	 -0.13125 	
-20 	 16 	 1017 	-1 	 0 	 88 	-0.32375 	 0.595 	 -0.14875 	
-20 	 16 	 1016 	-1 	 0 	 88 	-0.2625 	 0.56 	 -0.21875 	
-20 	 16 	 1017 	-1 	 0 	 88 	-0.2975 	 0.56875 	 -0.20125 	
-20 	 16 	 1018 	-1 	 0 	 88 	-0.315 	 0.55125 	 -0.21 	
-20 	 16 	 1017 	-1 	 0 	 88 	-0.30625 	 0.56875 	 -0.20125 	
-19 	 15 	 1018 	-1 	 0 	 88 	-0.315 	 0.56875 	 -0.1575 	
-19 	 16 	 1018 	-1 	 0 	 88 	-0.25375 	 0.5425 	 -0.18375 	
-20 	 16 	 1017 	-1 	 0 	 88 	-0.25375 	 0.58625 	 -0.16625 	
-20 	 17 	 1018 	-1 	 0 	 88 	-0.23625 	 0.55125 	 -0.18375 	
-19 	 16 	 1018 	-1 	 0 	 88 	-0.2625 	 0.56875 	 -0.1575 	
-20 	 16 	 1018 	-1 	 0 	 88 	-0.28 	 0.56 	 -0.1575 	
-19 	 15 	 1017 	-1 	 0 	 88 	-0.28875 	 0.525 	 -0.20125 	
-20 	 15 	 1019 	-1 	 0 	 88 	-0.2975 	 0.58625 	 -0.20125 	
-20 	 15 	 1017 	-1 	 0 	 88 	-0.2275 	 0.5425 	 -0.245 	
-20 	 16 	 1018 	-1 	 0 	 88 	-0.1925 	 0.58625 	 -0.2275 	
-19 	 17 	 1018 	-1 	 0 	 88 	-0.21 	 0.58625 	 -0.21 	
-19 	 16 	 1017 	-1 	 0 	 88 	-0.20125 	 0.595 	 -0.20125 	
-20 	 16 	 1017 	-1 	 0 	 88 	-0.2275 	 0.63875 	 -0.2275 	
-20 	 16 	 1019 	-1 	 0 	 88 	-0.23625 	 0.58625 	 -0.16625 	
-19 	 16 	 1017 	-1 	 0 	 88 	-0.21875 	 0.595 	 -0.14 	
-20 	 16 	 1018 	-1 	 0 	 88 	-0.21 	 0.5775 	 -0.1925 	
-21 	 16 	 1017 	-1 	 0 	 88 	-0.21 	 0.63 	 -0.175 	
-20 	 17 	 1018 	-1 	 0 	 88 	-0.23625 	 0.6475 	 -0.1925 	
-20 	 16 	 1016 	-1 	 0 	 88 	-0.25375 	 0.55125 	 -0.175 	
-19 	 16 	 1018 	-1 	 0 	 88 	-0.28 	 0.5775 	 -0.14875 	
-20 	 17 	 1018 	-1 	 0 	 88 	-0.25375 	 0.53375 	 -0.1925 	
-20 	 17 	 1016 	-1 	 0 	 88 	-0.27125 	 0.56875 	 -0.18375 	
-20 	 17 	 1017 	-1 	 0 	 88 	-0.27125 	 0.56 	 -0.175 	
-19 	 16 	 1017 	-1 	 0 	 88 	-0.27125 	 0.55125 	 -0.14 	
-19 	 16 	 1016 	-1 	 0 	 88 	-0.27125 	 0.5775 	 -0.105 	
-20 	 16 	 1017 	-1 	 0 	 88 	-0.28 	 0.56875 	 -0.16625 	
-19 	 16 	 1017 	-1 	 0 	 88 	-0.30625 	 0.595 	 -0.1925 	
-20 	 16 	 1017 	-1 	 0 	 88 	-0.2975 	 0.5775 	 -0.20125 	
-20 	 16 	 1017 	-1 	 0 	 88 	-0.2975 	 0.55125 	 -0.18375 	
-21 	 16 	 1018 	-1 	 0 	 88 	-0.315 	 0.56875 	 -0.21875 	
-19 	 16 	 1017 	-1 	 0 	 88 	-0.28 	 0.56875 	 -0.21 	
-21 	 16 	 1018 	-1 	 0 	 88 	-0.2975 	 0.58625 	 -0.21875 	
-19 	 16 	 1017 	-1 	 0 	 88 	-0.27125 	 0.5775 	 -0.20125 	
-19 	 16 	 1017 	-1 	 0 	 88 	-0.2975 	 0.58625 	 -0.18375 	
-20 	 16 	 1017 	-1 	 0 	 88 	-0.315 	 0.55125 	 -0.21875 	
-20 	 16 	 1017 	-1 	 0 	 88 	-0.27125 	 0.53375 	 -0.21875 	
-20 	 15 	 1017 	-1 	 0 	 88 	-0.23625 	 0.6125 	 -0.28 	
-19 	 15 	 1017 	-1 	 0 	 88 	-0.11375 	 0.63875 	 -0.42875 	
-20 	 16 	 1016 	-1 	 0 	 88 	-0.0875 	 0.665 	 -0.525 	
-21 	 16 	 1019 	-1 	 0 	 88 	-0.14875 	 0.595 	 -0.595 	
-21 	 18 	 1016 	-1 	 1 	 88 	-0.16625 	 0.60375 	 -0.53375 	
-35 	 21 	 1018 	-2 	 1 	 87 	-0.21875 	 0.665 	 -0.14 	
-4 	 10 	 1017 	0 	 0 	 90 	-0.5075 	 0.34125 	 0.56 	
-20 	 16 	 1019 	-1 	 0 	 88 	-0.25375 	 0.60375 	 -0.2275 	
-21 	 18 	 1018 	-1 	 1 	 88 	-0.18375 	 0.56 	 -0.28 	
-20 	 14 	 1018 	-1 	 0 	 88 	-0.2275 	 0.5775 	 -0.1225 	
-19 	 16 	 1016 	-1 	 0 	 88 	-0.20125 	 0.58625 	 -0.30625 	
-20 	 17 	 1016 	-1 	 1 	 88 	-0.18375 	 0.58625 	 -0.2975 	
-21 	 17 	 1017 	-1 	 0 	 88 	-0.175 	 0.65625 	 -0.1925 	
-20 	 17 	 1017 	-1 	 0 	 88 	-0.21875 	 0.58625 	 -0.09625 	
-20 	 16 	 1017 	-1 	 0 	 88 	-0.28875 	 0.56875 	 -0.0875 	
-20 	 16 	 1017 	-1 	 0 	 88 	-0.28875 	 0.56 	 -0.14875 	
-20 	 16 	 1017 	-1 	 0 	 88 	-0.28875 	 0.55125 	 -0.1575 	
-20 	 16 	 1017 	-1 	 0 	 88 	-0.35 	 0.60375 	 -0.16625 	
-19 	 16 	 1017 	-1 	 0 	 88 	-0.315 	 0.525 	 -0.14875 	
-21 	 16 	 1017 	-1 	 0 	 88 	-0.3675 	 0.5425 	 -0.18375 	
-20 	 16 	 1018 	-1 	 0 	 88 	-0.3325 	 0.51625 	 -0.1925 	
-20 	 15 	 1018 	-1 	 0 	 88 	-0.34125 	 0.5425 	 -0.18375 	
-21 	 16 	 1016 	-1 	 0 	 88 	-0.315 	 0.56 	 -0.1925 	
-21 	 16 	 1017 	-1 	 0 	 88 	-0.27125 	 0.51625 	 -0.1925 	
-19 	 16 	 1018 	-1 	 0 	 88 	-0.30625 	 0.56 	 -0.245 	
-20 	 16 	 1018 	-1 	 0 	 88 	-0.28875 	 0.49875 	 -0.27125 	
-20 	 15 	 1017 	-1 	 0 	 88 	-0.28 	 0.58625 	 -0.315 	
-20 	 16 	 1018 	-1 	 0 	 88 	-0.25375 	 0.56875 	 -0.315 	
-20 	 16 	 1018 	-1 	 0 	 88 	-0.27125 	 0.525 	 -0.32375 	
-20 	 17 	 1017 	-1 	 0 	 88 	-0.2625 	 0.58625 	 -0.28 	
-19 	 16 	 1018 	-1 	 0 	 88 	-0.2625 	 0.56 	 -0.21875 	
-20 	 17 	 1018 	-1 	 0 	 88 	-0.28875 	 0.595 	 -0.16625 	
-20 	 16 	 1017 	-1 	 0 	 88 	-0.23625 	 0.595 	 -0.18375 	
-21 	 16 	 1017 	-1 	 0 	 88 	-0.28875 	 0.56 	 -0.1575 	
-20 	 16 	 1017 	-1 	 0 	 88 	-0.35 	 0.525 	 -0.1925 	
-19 	 16 	 1017 	-1 	 0 	 88 	-0.315 	 0.51625 	 -0.21 	
-20 	 16 	 1018 	-1 	 0 	 88 	-0.34125 	 0.56 	 -0.2275 	
-20 	 16 	 1016 	-1 	 0 	 88 	-0.27125 	 0.56875 	 -0.23625 	
-21 	 16 	 1018 	-1 	 0 	 88 	-0.27125 	 0.60375 	 -0.18375 	
-21 	 16 	 1017 	-1 	 0 	 88 	-0.27125 	 0.60375 	 -0.1575 	
-20 	 16 	 1017 	-1 	 0 	 88 	-0.245 	 0.51625 	 -0.13125 	
-20 	 16 	 1017 	-1 	 0 	 88 	-0.28875 	 0.595 	 -0.035 	
-19 	 16 	 1016 	-1 	 0 	 88 	-0.25375 	 0.55125 	 -0.04375 	
-19 	 15 	 1018 	-1 	 0 	 88 	-0.245 	 0.60375 	 -0.1925 	
-20 	 16 	 1016 	-1 	 0 	 88 	-0.21875 	 0.5775 	 -0.25375 	
-20 	 16 	 1017 	-1 	 0 	 88 	-0.21 	 0.58625 	 -0.27125 	
-21 	 16 	 1018 	-1 	 0 	 88 	-0.21875 	 0.60375 	 -0.25375 	
-20 	 16 	 1018 	-1 	 0 	 88 	-0.21 	 0.55125 	 -0.20125 	
-20 	 17 	 1017 	-1 	 0 	 88 	-0.27125 	 0.58625 	 -0.1575 	
-20 	 15 	 1017 	-1 	 0 	 88 	-0.2625 	 0.595 	 -0.1575 	
-20 	 16 	 1017 	-1 	 0 	 88 	-0.27125 	 0.595 	 -0.1925 	
-20 	 16 	 1018 	-1 	 0 	 88 	-0.27125 	 0.5425 	 -0.1925 	
-20 	 16 	 1017 	-1 	 0 	 88 	-0.25375 	 0.53375 	 -0.21875 	
-20 	 17 	 1018 	-1 	 0 	 88 	-0.27125 	 0.6125 	 -0.27125 	
-21 	 16 	 1016 	-1 	 0 	 88 	-0.2975 	 0.5075 	 -0.23625 	
-20 	 16 	 1018 	-1 	 0 	 88 	-0.32375 	 0.5425 	 -0.18375 	
-19 	 17 	 1017 	-1 	 0 	 88 	-0.315 	 0.51625 	 -0.25375 	
-20 	 21 	 1009 	-1 	 1 	 88 	-0.34125 	 0.525 	 -0.0525 	
-22 	 12 	 1025 	-1 	 0 	 88 	-0.56 	 0.42875 	 0 	
-18 	 14 	 1017 	-1 	 0 	 88 	-0.21875 	 0.53375 	 -0.39375 	
-16 	 13 	 1017 	0 	 0 	 89 	-0.5425 	 0.4375 	 -0.00875 	
-22 	 18 	 1015 	-1 	 1 	 88 	-0.175 	 0.5775 	 -0.35875 	
-24 	 23 	 1017 	-1 	 1 	 88 	-0.2275 	 0.56875 	 -0.42875 	
-15 	 6 	 1022 	0 	 0 	 89 	-0.7875 	 0.32375 	 0.385 	
-24 	 19 	 1012 	-1 	 1 	 88 	-0.16625 	 0.6125 	 -0.2975 	
-30 	 29 	 1009 	-1 	 1 	 88 	-0.5425 	 0.4725 	 0.14875 	
-9 	 6 	 1025 	0 	 0 	 89 	-0.7525 	 0.2975 	 0.62125 	
-34 	 29 	 1012 	-1 	 1 	 88 	-0.28 	 0.6125 	 0.14 	
-5 	 3 	 1023 	0 	 0 	 90 	-0.7 	 0.2975 	 0.98875 	
-20 	 16 	 1017 	-1 	 0 	 88 	-0.04375 	 0.67375 	 0.00875 	
-19 	 16 	 1017 	-1 	 0 	 88 	-0.18375 	 0.63 	 0.06125 	
-20 	 15 	 1018 	-1 	 0 	 88 	-0.1575 	 0.595 	 -0.11375 	
-20 	 16 	 1017 	-1 	 0 	 88 	-0.21 	 0.58625 	 -0.23625 	
-30 	 27 	 1009 	-1 	 1 	 88 	-0.315 	 0.56 	 0.245 	
-11 	 8 	 1021 	0 	 0 	 89 	-0.58625 	 0.39375 	 0.5425 	
-19 	 14 	 1019 	-1 	 0 	 88 	-0.1925 	 0.62125 	 -0.32375 	
-20 	 16 	 1017 	-1 	 0 	 88 	-0.2625 	 0.56 	 -0.21875 	
-19 	 16 	 1017 	-1 	 0 	 88 	-0.35 	 0.56875 	 -0.16625 	
-20 	 15 	 1018 	-1 	 0 	 88 	-0.385 	 0.49875 	 -0.2275 	
-26 	 20 	 1016 	-1 	 1 	 88 	-0.7525 	 0.3325 	 0.62125 	
-19 	 18 	 1015 	-1 	 1 	 88 	-0.63 	 0.39375 	 0.49875 	
-17 	 8 	 1023 	0 	 0 	 89 	-0.88375 	 0.21 	 0.46375 	
-19 	 15 	 1016 	-1 	 0 	 88 	-0.63875 	 0.39375 	 0.49875 	
-19 	 16 	 1017 	-1 	 0 	 88 	-0.63 	 0.35875 	 0.41125 	
-22 	 15 	 1016 	-1 	 0 	 88 	-0.525 	 0.44625 	 0.27125 	
-39 	 -4 	 1016 	-2 	 0 	 87 	-0.7 	 0.3325 	 0.53375 	
-117 	 37 	 1010 	-6 	 2 	 83 	-1.785 	 -0.21875 	 5.18 	
-60 	 11 	 1020 	-3 	 0 	 86 	-2.38 	 -0.385 	 13.16 	
-58 	 11 	 1020 	-3 	 0 	 86 	-1.5925 	 0.105 	 17.6925 	
-46 	 5 	 1016 	-2 	 0 	 87 	-1.155 	 0.13125 	 21.735 	
-31 	 -3 	 1020 	-1 	 0 	 88 	-1.05875 	 0.23625 	 24.4125 	
-9 	 -8 	 1011 	0 	 0 	 89 	-1.32125 	 0.42 	 25.305 	
13 	 -21 	 1020 	0 	 -1 	 88 	-1.5225 	 0.06125 	 23.7825 	
7 	 -15 	 1017 	0 	 0 	 90 	-1.40875 	 0.04375 	 19.8188 	
-10 	 -23 	 1024 	0 	 -1 	 88 	-1.21625 	 0.55125 	 16.3188 	
-15 	 -12 	 1012 	0 	 0 	 89 	-0.63875 	 1.02375 	 14.9188 	
4 	 -22 	 1031 	0 	 -1 	 88 	-0.07 	 0.88375 	 13.86 	
31 	 -8 	 1010 	1 	 0 	 88 	0.7525 	 1.40875 	 10.9288 	
13 	 -10 	 1026 	0 	 0 	 89 	0.79625 	 1.715 	 6.36125 	
0 	 -6 	 1004 	0 	 0 	 90 	0.51625 	 1.46125 	 2.79125 	
-17 	 1 	 1020 	0 	 0 	 89 	0.30625 	 1.23375 	 0.8575 	
-40 	 -50 	 1026 	-2 	 -2 	 87 	0.37625 	 1.12875 	 -0.3325 	
-40 	 -1 	 1015 	-2 	 0 	 87 	0.9975 	 1.47875 	 1.21625 	
-24 	 -37 	 1010 	-1 	 -2 	 87 	1.12 	 1.505 	 3.36875 	
0 	 -29 	 1012 	0 	 -1 	 88 	1.1025 	 1.16375 	 3.49125 	
-3 	 -36 	 1025 	0 	 -2 	 87 	1.1025 	 1.61875 	 2.87875 	
6 	 -20 	 1018 	0 	 -1 	 88 	1.16375 	 0.91875 	 1.1025 	
8 	 -36 	 1014 	0 	 -2 	 87 	0.8225 	 0.91 	 -1.21625 	
-3 	 -9 	 1008 	0 	 0 	 90 	1.05 	 1.225 	 -3.01 	
-14 	 -6 	 1032 	0 	 0 	 89 	0.69125 	 0.86625 	 -4.235 	
-25 	 -6 	 1027 	-1 	 0 	 88 	0.77 	 1.14625 	 -4.655 	
-21 	 13 	 1012 	-1 	 0 	 88 	0.35 	 0.41125 	 -4.41875 	
-20 	 -5 	 1004 	-1 	 0 	 88 	0.21 	 0.105 	 -4.2525 	
-40 	 0 	 1031 	-2 	 0 	 87 	0.34125 	 0.8575 	 -3.57 	
-30 	 -4 	 1012 	-1 	 0 	 88 	0.07875 	 1.1025 	 -2.3625 	
-35 	 3 	 1026 	-2 	 0 	 87 	0.07875 	 1.26 	 -1.25125 	
-18 	 -6 	 1006 	-1 	 0 	 88 	0.46375 	 0.76125 	 -0.245 	
-17 	 -5 	 1017 	0 	 0 	 89 	0.41125 	 0.91875 	 0.1225 	
-3 	 -3 	 1023 	0 	 0 	 90 	0.0525 	 0.67375 	 -0.93625 	
-26 	 -9 	 1012 	-1 	 0 	 88 	0.63 	 1.365 	 -2.6425 	
-34 	 14 	 1019 	-1 	 0 	 88 	-0.25375 	 0.595 	 -3.38625 	
-58 	 6 	 1022 	-3 	 0 	 86 	-0.07875 	 1.575 	 -2.8175 	
-54 	 47 	 1018 	-3 	 2 	 86 	0.30625 	 1.575 	 -0.86625 	
-54 	 -20 	 1017 	-3 	 -1 	 86 	0.18375 	 0.90125 	 2.30125 	
-25 	 18 	 1016 	-1 	 1 	 88 	0.0175 	 1.33875 	 4.97 	
-19 	 -1 	 1012 	-1 	 0 	 88 	-0.0875 	 0.455 	 6.22125 	
19 	 0 	 1008 	1 	 0 	 88 	-1.23375 	 -1.8725 	 6.4575 	
4 	 -8 	 1021 	0 	 0 	 90 	-0.5075 	 0.2275 	 4.43625 	
-9 	 -5 	 1020 	0 	 0 	 89 	-0.55125 	 0.595 	 2.1875 	
-36 	 -2 	 1020 	-2 	 0 	 87 	0.28 	 0.6475 	 1.51375 	
-34 	 1 	 1030 	-1 	 0 	 88 	-0.9625 	 0.3325 	 1.6975 	
-39 	 12 	 1007 	-2 	 0 	 87 	-0.67375 	 0.67375 	 1.88125 	
-49 	 8 	 1015 	-2 	 0 	 87 	-0.6125 	 0.83125 	 2.86125 	
-47 	 8 	 1014 	-2 	 0 	 87 	-0.27125 	 0.91 	 5.355 	
-16 	 -6 	 1006 	0 	 0 	 89 	0.0175 	 1.19875 	 7.315 	
-25 	 -4 	 1024 	-1 	 0 	 88 	-0.0175 	 1.1725 	 6.755 	
-24 	 1 	 1022 	-1 	 0 	 88 	-0.175 	 -0.4025 	 5.76625 	
-23 	 -25 	 1020 	-1 	 -1 	 88 	0.1225 	 1.11125 	 5.03125 	
-31 	 -22 	 1037 	-1 	 -1 	 88 	0.07875 	 1.14625 	 4.48 	
-11 	 -4 	 1004 	0 	 0 	 89 	0.0525 	 0.70875 	 3.56125 	
-19 	 -29 	 1016 	-1 	 -1 	 88 	-0.06125 	 0.8225 	 3.08875 	
-9 	 11 	 1017 	0 	 0 	 89 	0.385 	 1.33875 	 3.12375 	
7 	 -41 	 1016 	0 	 -2 	 87 	-0.18375 	 0.51625 	 2.5025 	
4 	 -57 	 1031 	0 	 -3 	 86 	0.69125 	 0.91 	 0.315 	
15 	 -19 	 1010 	0 	 -1 	 88 	1.21625 	 1.98625 	 -2.8175 	
-5 	 -40 	 1016 	0 	 -2 	 87 	0.8925 	 1.44375 	 -6.09875 	
-17 	 -29 	 1029 	0 	 -1 	 88 	0.14875 	 0.14875 	 -8.37375 	
-1 	 -37 	 1006 	0 	 -2 	 87 	0.49 	 0.28 	 -7.98 	
2 	 14 	 993 	0 	 0 	 90 	0.28 	 0.37625 	 -7.9275 	
-24 	 -40 	 1059 	-1 	 -2 	 87 	-0.8925 	 0.14875 	 -8.925 	
-6 	 35 	 982 	0 	 2 	 87 	-0.3675 	 0.02625 	 -10.1063 	
-31 	 23 	 1030 	-1 	 1 	 88 	-0.93625 	 0.0875 	 -10.465 	
-46 	 27 	 1015 	-2 	 1 	 87 	-1.8025 	 0.35 	 -10.395 	
-71 	 37 	 1013 	-4 	 2 	 85 	-2.72125 	 -0.48125 	 -8.72375 	
-81 	 18 	 1019 	-4 	 1 	 85 	-4.03375 	 -1.8375 	 -5.04875 	
-79 	 32 	 1005 	-4 	 1 	 85 	-3.68375 	 -1.51375 	 0.0525 	
-45 	 -9 	 1013 	-2 	 0 	 87 	-3.50875 	 -1.82875 	 5.74875 	
-22 	 15 	 1018 	-1 	 0 	 88 	-3.17625 	 0.175 	 9.00375 	
5 	 -8 	 1023 	0 	 0 	 90 	-3.6225 	 -1.295 	 8.75875 	
-2 	 5 	 1032 	0 	 0 	 90 	-2.75625 	 -0.53375 	 6.06375 	
-1 	 23 	 1004 	0 	 1 	 88 	-2.205 	 -0.035 	 2.58125 	
-13 	 31 	 1008 	0 	 1 	 88 	-2.7475 	 -0.6825 	 0.25375 	
-31 	 33 	 1031 	-1 	 1 	 88 	-1.47875 	 0.595 	 -0.07875 	
-18 	 34 	 1026 	-1 	 1 	 88 	-2.45 	 -0.27125 	 -0.2275 	
-10 	 50 	 1006 	0 	 2 	 87 	-1.855 	 0.315 	 -0.5775 	
-22 	 48 	 1023 	-1 	 2 	 87 	-2.21375 	 0.42875 	 -2.3625 	
-33 	 56 	 1008 	-1 	 3 	 86 	-1.86375 	 0.0875 	 -3.21125 	
-43 	 23 	 1030 	-2 	 1 	 87 	-1.6975 	 0.8925 	 -2.33625 	
-34 	 50 	 1012 	-1 	 2 	 87 	-0.39375 	 3.3075 	 -0.2625 	
-37 	 24 	 1021 	-2 	 1 	 87 	-0.42 	 4.66375 	 0.9625 	
-28 	 29 	 1009 	-1 	 1 	 88 	0.09625 	 4.83875 	 1.5225 	
-46 	 58 	 1020 	-2 	 3 	 86 	0.90125 	 5.88875 	 2.835 	
-9 	 17 	 1016 	0 	 0 	 89 	-0.5775 	 0.8575 	 4.47125 	
-8 	 36 	 1010 	0 	 2 	 87 	-0.315 	 1.86375 	 4.725 	
2 	 10 	 1027 	0 	 0 	 90 	-1.19875 	 0.35 	 3.955 	
-2 	 5 	 1026 	0 	 0 	 90 	-1.365 	 0.07875 	 1.91625 	
-18 	 15 	 1013 	-1 	 0 	 88 	-1.28625 	 0.42875 	 0.49 	
-34 	 -1 	 1023 	-1 	 0 	 88 	-1.53125 	 0.3675 	 0.7525 	
-9 	 18 	 1007 	0 	 1 	 88 	-1.25125 	 0.62125 	 2.66 	
-5 	 0 	 1008 	0 	 0 	 90 	-1.365 	 0.63875 	 3.89375 	
4 	 -5 	 1016 	0 	 0 	 90 	-1.3825 	 0.83125 	 3.115 	
-7 	 -3 	 1019 	0 	 0 	 90 	-1.05875 	 0.67375 	 1.1375 	
-34 	 0 	 1025 	-1 	 0 	 88 	-0.84875 	 0.67375 	 0.4725 	
-8 	 -7 	 1024 	0 	 0 	 90 	-1.2775 	 0.2275 	 0.7 	
-35 	 15 	 1015 	-1 	 0 	 88 	-0.06125 	 0.77875 	 0.42 	
-26 	 7 	 1024 	-1 	 0 	 88 	-0.1575 	 0.5075 	 1.02375 	
-2 	 -1 	 1017 	0 	 0 	 90 	-0.2625 	 0.91 	 1.54 	
9 	 24 	 996 	0 	 1 	 88 	-0.67375 	 0.245 	 0.3675 	
-12 	 -21 	 1030 	0 	 -1 	 88 	-0.67375 	 0.67375 	 -2.94875 	
-21 	 3 	 1009 	-1 	 0 	 88 	-0.245 	 0.13125 	 -5.6875 	
-43 	 17 	 1002 	-2 	 1 	 87 	0.25375 	 0.48125 	 -5.81 	
-76 	 -11 	 1041 	-4 	 0 	 85 	0.2625 	 1.32125 	 -3.36875 	
-37 	 16 	 1025 	-2 	 0 	 87 	0.84875 	 0.9625 	 -0.3675 	
-19 	 -10 	 1012 	-1 	 0 	 88 	1.07625 	 0.98875 	 1.19 	
-10 	 9 	 1021 	0 	 0 	 89 	0.3325 	 0.7 	 0.8225 	
-3 	 -12 	 1016 	0 	 0 	 90 	0.21875 	 0.9275 	 -0.8225 	
-8 	 2 	 996 	0 	 0 	 89 	0.42875 	 0.98 	 -3.8675 	
-55 	 31 	 1011 	-3 	 1 	 86 	-0.09625 	 0.7175 	 -5.87125 	
-55 	 4 	 1021 	-3 	 0 	 86 	0.035 	 1.26 	 -4.7075 	
-52 	 43 	 1021 	-2 	 2 	 87 	0.1225 	 0.56 	 -1.3475 	
-39 	 37 	 1032 	-2 	 2 	 87 	-0.105 	 0.77 	 1.82875 	
-22 	 35 	 1008 	-1 	 2 	 87 	0.2625 	 0.77875 	 2.94875 	
-20 	 36 	 1015 	-1 	 2 	 87 	0.51625 	 1.18125 	 3.26375 	
-20 	 40 	 1000 	-1 	 2 	 87 	0.4025 	 0.875 	 2.72125 	
-21 	 31 	 1023 	-1 	 1 	 88 	-0.83125 	 0.5075 	 2.87875 	
-29 	 24 	 1033 	-1 	 1 	 88 	-0.2975 	 0.735 	 2.51125 	
-19 	 27 	 1015 	-1 	 1 	 88 	-0.3325 	 0.42875 	 2.17875 	
-21 	 31 	 1015 	-1 	 1 	 88 	0.16625 	 1.30375 	 1.77625 	
-28 	 34 	 1010 	-1 	 1 	 88 	-0.9275 	 -0.525 	 1.575 	
-45 	 31 	 1014 	-2 	 1 	 87 	-0.60375 	 0.65625 	 1.96875 	
-45 	 50 	 1022 	-2 	 2 	 87 	-0.74375 	 0.28875 	 3.64 	
-48 	 34 	 1023 	-2 	 1 	 87 	-0.7 	 0.49 	 5.5825 	
-32 	 41 	 1015 	-1 	 2 	 87 	-0.525 	 0.53375 	 7.25375 	
-31 	 32 	 1025 	-1 	 1 	 88 	-0.09625 	 1.12 	 9.61625 	
8 	 24 	 1011 	0 	 1 	 88 	-0.49875 	 0.60375 	 11.2525 	
10 	 10 	 1007 	0 	 0 	 89 	-0.34125 	 0.69125 	 9.415 	
0 	 19 	 1019 	0 	 1 	 88 	-0.58625 	 1.19 	 6.11625 	
3 	 22 	 1035 	0 	 1 	 88 	-1.70625 	 -0.55125 	 3.85875 	
-13 	 33 	 1016 	0 	 1 	 88 	-1.0325 	 0.7525 	 1.89 	
-33 	 38 	 1018 	-1 	 2 	 87 	-0.875 	 0.805 	 1.12 	
-49 	 41 	 1009 	-2 	 2 	 87 	-0.595 	 0.97125 	 2.0125 	
-46 	 23 	 1017 	-2 	 1 	 87 	-0.49875 	 1.07625 	 4.01625 	
-40 	 19 	 1021 	-2 	 1 	 87 	-0.88375 	 0.4375 	 5.7925 	
-35 	 16 	 1017 	-1 	 0 	 88 	-0.39375 	 0.74375 	 7.70875 	
-34 	 5 	 1018 	-1 	 0 	 88 	-0.65625 	 0.72625 	 9.30125 	
-13 	 2 	 1022 	0 	 0 	 89 	-0.7525 	 0.8225 	 10.1675 	
-8 	 11 	 1026 	0 	 0 	 90 	-1.0325 	 0.42875 	 10.045 	
-8 	 3 	 1006 	0 	 0 	 90 	-0.79625 	 1.07625 	 9.26625 	
-8 	 14 	 1021 	0 	 0 	 90 	-0.84 	 1.1725 	 8.085 	
-20 	 4 	 1014 	-1 	 0 	 88 	-0.84875 	 0.95375 	 6.8775 	
-16 	 5 	 1013 	0 	 0 	 89 	-0.875 	 0.84 	 6.3875 	
-4 	 -5 	 1024 	0 	 0 	 90 	-0.49875 	 0.74375 	 6.195 	
-6 	 -6 	 1020 	0 	 0 	 90 	-0.42 	 0.525 	 5.18 	
-5 	 -5 	 1025 	0 	 0 	 90 	-0.30625 	 0.70875 	 4.375 	
-10 	 -7 	 1019 	0 	 0 	 89 	0 	 0.665 	 2.1875 	
-31 	 -21 	 1031 	-1 	 -1 	 88 	0.32375 	 1.26 	 0.245 	
-13 	 2 	 1002 	0 	 0 	 89 	0.315 	 0.5425 	 -0.14875 	
-24 	 -13 	 1023 	-1 	 0 	 88 	-0.07 	 0.4375 	 -0.28 	
-20 	 -14 	 1013 	-1 	 0 	 88 	0.49875 	 0.8925 	 -0.41125 	
-18 	 -10 	 1016 	-1 	 0 	 88 	0.88375 	 1.225 	 1.1375 	
-6 	 3 	 1016 	0 	 0 	 90 	0.98 	 0.90125 	 2.4325 	
1 	 -10 	 1032 	0 	 0 	 90 	0.0875 	 -0.00875 	 1.0325 	
-11 	 10 	 1013 	0 	 0 	 89 	0.65625 	 0.4375 	 -0.6125 	
-22 	 12 	 1009 	-1 	 0 	 88 	0.49 	 0.84875 	 -1.58375 	
-33 	 2 	 1020 	-1 	 0 	 88 	0.245 	 0.81375 	 -2.3625 	
-36 	 26 	 1026 	-2 	 1 	 87 	-0.1925 	 0.945 	 -2.2925 	
-31 	 20 	 1013 	-1 	 1 	 88 	-0.21 	 0.74375 	 -2.1875 	
-47 	 -5 	 1021 	-2 	 0 	 87 	0.13125 	 0.65625 	 -1.47875 	
-39 	 -7 	 1014 	-2 	 0 	 87 	0.3675 	 0.90125 	 0.42 	
-31 	 2 	 1011 	-1 	 0 	 88 	-0.0175 	 0.56875 	 1.79375 	
-25 	 6 	 1019 	-1 	 0 	 88 	-0.14 	 0.37625 	 3.03625 	
-15 	 0 	 1023 	0 	 0 	 89 	0.11375 	 0.6475 	 4.1475 	
-15 	 16 	 1026 	0 	 0 	 89 	0.21 	 1.0325 	 4.90875 	
0 	 10 	 1016 	0 	 0 	 90 	-0.2975 	 0.46375 	 4.48875 	
-2 	 0 	 1018 	0 	 0 	 90 	-0.2625 	 0.35 	 3.15 	
-1 	 9 	 1013 	0 	 0 	 90 	0.41125 	 0.55125 	 1.785 	
-8 	 -7 	 1016 	0 	 0 	 90 	0.60375 	 0.63875 	 -0.25375 	
-12 	 -15 	 1016 	0 	 0 	 89 	0.7875 	 0.7 	 -1.44375 	
-23 	 0 	 1016 	-1 	 0 	 88 	1.085 	 0.98 	 -1.5225 	
-24 	 -18 	 1038 	-1 	 -1 	 88 	0.1225 	 -0.21875 	 -1.32125 	
-16 	 34 	 1000 	0 	 1 	 88 	0.1925 	 0.42875 	 -1.14625 	
-35 	 6 	 1035 	-1 	 0 	 88 	-0.56 	 0.83125 	 -0.60375 	
-23 	 29 	 1008 	-1 	 1 	 88 	-0.06125 	 0.9275 	 -0.7525 	
-16 	 48 	 1014 	0 	 2 	 87 	-0.70875 	 0.79625 	 -0.46375 	
-6 	 27 	 1011 	0 	 1 	 88 	-0.63875 	 0.35 	 -0.58625 	
-10 	 9 	 1019 	0 	 0 	 89 	-0.81375 	 0.56 	 -2.6075 	
-32 	 19 	 1008 	-1 	 1 	 88 	-1.18125 	 -0.39375 	 -4.06 	
-45 	 5 	 1049 	-2 	 0 	 87 	-1.61 	 0.2275 	 -4.52375 	
-44 	 51 	 1008 	-2 	 2 	 87 	-0.175 	 1.05875 	 -3.6575 	
-54 	 52 	 1000 	-3 	 2 	 86 	-1.015 	 -0.00875 	 -2.1525 	
-58 	 53 	 1029 	-3 	 2 	 86 	-1.155 	 0.14875 	 -0.51625 	
-46 	 45 	 1026 	-2 	 2 	 87 	-0.63875 	 0.76125 	 2.1175 	
-24 	 56 	 998 	-1 	 3 	 86 	-0.6475 	 0.6125 	 4.9 	
-24 	 32 	 1015 	-1 	 1 	 88 	-0.49 	 0.525 	 4.935 	
-29 	 20 	 1024 	-1 	 1 	 88 	-0.67375 	 0.63875 	 4.7075 	
-12 	 32 	 1009 	0 	 1 	 88 	-0.65625 	 0.14 	 4.83 	
-27 	 10 	 1021 	-1 	 0 	 88 	-0.27125 	 0.98875 	 3.96375 	
-13 	 10 	 1017 	0 	 0 	 89 	-0.44625 	 0.665 	 3.70125 	
9 	 1 	 1027 	0 	 0 	 89 	-0.6125 	 0.6825 	 3.40375 	
31 	 4 	 1013 	1 	 0 	 88 	-0.4725 	 0.76125 	 1.77625 	
10 	 -25 	 1020 	0 	 -1 	 88 	-0.56 	 1.00625 	 -1.81125 	
-18 	 6 	 1023 	-1 	 0 	 88 	-0.9275 	 0.2975 	 -5.39 	
-48 	 1 	 1008 	-2 	 0 	 87 	-1.0675 	 0.2975 	 -6.02 	
-55 	 6 	 1014 	-3 	 0 	 86 	-1.16375 	 0.6475 	 -2.6075 	
-32 	 28 	 1022 	-1 	 1 	 88 	-1.4 	 0.84875 	 0.72625 	
-23 	 6 	 1016 	-1 	 0 	 88 	-1.54 	 0.72625 	 1.32125 	
-34 	 4 	 1018 	-1 	 0 	 88 	-1.61875 	 0.9625 	 1.085 	
-14 	 0 	 1018 	0 	 0 	 89 	-1.9775 	 0.595 	 1.54 	
-21 	 -14 	 1017 	-1 	 0 	 88 	-1.53125 	 0.7175 	 1.77625 	
-25 	 -17 	 1023 	-1 	 0 	 88 	-1.575 	 0.69125 	 2.9575 	
-56 	 -16 	 1017 	-3 	 0 	 86 	-1.505 	 0.805 	 4.9875 	
-34 	 -2 	 1023 	-1 	 0 	 88 	-2.03 	 -0.20125 	 8.295 	
-42 	 -7 	 1029 	-2 	 0 	 87 	-1.19875 	 1.16375 	 11.0338 	
-42 	 -4 	 988 	-2 	 0 	 87 	-0.7875 	 0.7175 	 12.3463 	
-21 	 -15 	 1031 	-1 	 0 	 88 	-1.085 	 0.63875 	 13.7725 	
1 	 13 	 1012 	0 	 0 	 90 	-0.86625 	 1.07625 	 15.5575 	
2 	 2 	 1027 	0 	 0 	 90 	-1.0675 	 0.77875 	 14.5163 	
-1 	 1 	 1020 	0 	 0 	 90 	-1.0675 	 1.1725 	 10.3163 	
-11 	 4 	 1015 	0 	 0 	 89 	-1.21625 	 1.00625 	 6.43125 	
-12 	 8 	 1023 	0 	 0 	 89 	-1.4875 	 1.11125 	 4.48 	
-34 	 20 	 1015 	-1 	 1 	 88 	-1.44375 	 2.09125 	 2.44125 	
-33 	 20 	 1015 	-1 	 1 	 88 	-1.72375 	 0.46375 	 0.48125 	
-49 	 40 	 1012 	-2 	 2 	 87 	-1.54875 	 0.84 	 0.23625 	
-72 	 26 	 1031 	-3 	 1 	 86 	-1.4525 	 0.62125 	 1.9425 	
-81 	 24 	 1016 	-4 	 1 	 85 	-0.84875 	 1.2775 	 5.08375 	
-74 	 51 	 1019 	-4 	 2 	 85 	-0.67375 	 0.74375 	 8.67125 	
-51 	 7 	 1013 	-2 	 0 	 87 	-0.90125 	 0.32375 	 14.595 	
3 	 24 	 1012 	0 	 1 	 88 	-0.56875 	 0.88375 	 18.48 	
22 	 -2 	 1017 	1 	 0 	 88 	-0.83125 	 1.40875 	 16.5813 	
29 	 2 	 1020 	1 	 0 	 88 	-1.1725 	 0.79625 	 11.0163 	
29 	 21 	 1021 	1 	 1 	 88 	-1.12875 	 0.93625 	 4.9175 	
6 	 14 	 1020 	0 	 0 	 90 	-1.18125 	 0.90125 	 -0.42875 	
-30 	 20 	 1018 	-1 	 1 	 88 	-1.14625 	 0.88375 	 -3.40375 	
-42 	 34 	 1021 	-2 	 1 	 87 	-1.19 	 0.69125 	 -2.82625 	
-49 	 43 	 1010 	-2 	 2 	 87 	-0.76125 	 1.39125 	 -0.70875 	
-44 	 51 	 1022 	-2 	 2 	 87 	-1.18125 	 0.875 	 1.04125 	
-36 	 58 	 1013 	-2 	 3 	 86 	-1.2775 	 0.6825 	 1.7325 	
-38 	 47 	 1042 	-2 	 2 	 87 	-0.25375 	 2.02125 	 1.8375 	
-63 	 38 	 993 	-3 	 2 	 86 	1.00625 	 3.0625 	 2.40625 	
-54 	 52 	 1016 	-3 	 2 	 86 	-1.7325 	 -0.7875 	 3.92875 	
-36 	 35 	 1028 	-2 	 1 	 87 	-0.79625 	 -0.0175 	 5.32 	
-30 	 38 	 1021 	-1 	 2 	 87 	-0.76125 	 -0.07875 	 6.405 	
-18 	 26 	 1016 	-1 	 1 	 88 	-0.8225 	 -0.3675 	 7.1575 	
-11 	 24 	 1017 	0 	 1 	 88 	-0.14 	 0.7525 	 7.2625 	
-8 	 16 	 1013 	0 	 0 	 90 	-0.315 	 0.5075 	 6.3525 	
-21 	 22 	 1025 	-1 	 1 	 88 	-0.4725 	 0.62125 	 5.34625 	
-27 	 19 	 1016 	-1 	 1 	 88 	-0.11375 	 1.12 	 5.4775 	
-21 	 16 	 1015 	-1 	 0 	 88 	-0.39375 	 0.37625 	 5.845 	
-19 	 8 	 1023 	-1 	 0 	 88 	-0.18375 	 0.21875 	 6.335 	
-35 	 -2 	 1009 	-2 	 0 	 87 	0.11375 	 0.56875 	 6.86875 	
-40 	 -21 	 1026 	-2 	 -1 	 87 	0.04375 	 0.37625 	 8.02375 	
-21 	 -8 	 1013 	-1 	 0 	 88 	0.1225 	 0.56 	 9.73 	
-22 	 -20 	 1028 	-1 	 -1 	 88 	0.3325 	 0.6125 	 10.5438 	
-27 	 13 	 1004 	-1 	 0 	 88 	0.65625 	 0.595 	 10.9025 	
-11 	 4 	 1030 	0 	 0 	 89 	0.32375 	 0.06125 	 11.34 	
0 	 22 	 1010 	0 	 1 	 88 	0.2275 	 0.14 	 10.7975 	
0 	 -6 	 1021 	0 	 0 	 90 	0.245 	 0.6475 	 8.7675 	
-6 	 4 	 1019 	0 	 0 	 90 	0.28875 	 0.8925 	 5.7225 	
-24 	 18 	 1015 	-1 	 1 	 88 	-0.14 	 1.00625 	 3.9025 	
-10 	 8 	 1025 	0 	 0 	 89 	-0.7 	 0.39375 	 2.6775 	
-4 	 24 	 1017 	0 	 1 	 88 	-0.44625 	 0.5775 	 0.55125 	
-3 	 14 	 1020 	0 	 0 	 90 	-0.44625 	 1.0675 	 -2.23125 	
-17 	 26 	 1010 	0 	 1 	 88 	-0.91 	 -0.13125 	 -5.075 	
-28 	 13 	 1030 	-1 	 0 	 88 	-0.18375 	 0.3675 	 -7.35875 	
-31 	 36 	 1009 	-1 	 2 	 87 	0.1225 	 1.11125 	 -7.9975 	
-53 	 23 	 1018 	-2 	 1 	 87 	-0.13125 	 1.12875 	 -7.4025 	
-51 	 39 	 1016 	-2 	 2 	 87 	-0.48125 	 0.245 	 -6.32625 	
-58 	 27 	 1019 	-3 	 1 	 86 	-0.2275 	 1.015 	 -4.17375 	
-29 	 26 	 1014 	-1 	 1 	 88 	-0.14 	 0.44625 	 -0.98 	
-5 	 33 	 1026 	0 	 1 	 88 	-0.25375 	 0.7175 	 0.06125 	
-9 	 37 	 1016 	0 	 2 	 87 	-0.3325 	 0.39375 	 -2.4325 	
-13 	 35 	 1017 	0 	 1 	 88 	0.1925 	 0.56875 	 -3.87625 	
-6 	 34 	 1016 	0 	 1 	 88 	0.175 	 0.02625 	 -3.675 	
-15 	 20 	 1018 	0 	 1 	 88 	0.04375 	 -0.0175 	 -5.25 	
-36 	 18 	 1021 	-2 	 1 	 87 	0.30625 	 0.09625 	 -6.88625 	
-24 	 17 	 1015 	-1 	 0 	 88 	0.14875 	 -0.455 	 -6.6675 	
-38 	 22 	 1017 	-2 	 1 	 87 	0.0175 	 0.20125 	 -6.64125 	
-24 	 50 	 1025 	-1 	 2 	 87 	-0.02625 	 0.0175 	 -5.62625 	
-30 	 14 	 1013 	-1 	 0 	 88 	0.16625 	 0.875 	 -5.36375 	
-19 	 46 	 1018 	-1 	 2 	 87 	-0.37625 	 0.7875 	 -6.34375 	
-40 	 33 	 1017 	-2 	 1 	 87 	-0.665 	 0.72625 	 -7.39375 	
-33 	 16 	 1020 	-1 	 0 	 88 	-0.76125 	 0.84875 	 -7.2975 	
-14 	 61 	 1016 	0 	 3 	 86 	-0.69125 	 0.70875 	 -7.1225 	
-20 	 24 	 1020 	-1 	 1 	 88 	-0.455 	 0.6475 	 -7.175 	
-21 	 46 	 1018 	-1 	 2 	 87 	-0.28 	 0.595 	 -7.0875 	
-24 	 42 	 1020 	-1 	 2 	 87 	-0.175 	 0.39375 	 -6.86 	
-31 	 35 	 1017 	-1 	 2 	 87 	-0.02625 	 0.56875 	 -6.895 	
-45 	 32 	 1020 	-2 	 1 	 87 	0.23625 	 0.46375 	 -6.78125 	
-47 	 38 	 1018 	-2 	 2 	 87 	0.35875 	 0.1225 	 -5.04 	
-39 	 35 	 1016 	-2 	 2 	 87 	0.0875 	 0.1925 	 -2.835 	
-22 	 28 	 1019 	-1 	 1 	 88 	-0.11375 	 0.175 	 -1.16375 	
-12 	 40 	 1016 	0 	 2 	 87 	0.13125 	 0.455 	 -1.0675 	
5 	 44 	 1019 	0 	 2 	 87 	0.20125 	 0.07 	 -1.365 	
2 	 42 	 1020 	0 	 2 	 87 	0.315 	 0.21 	 -2.86125 	
-21 	 39 	 1017 	-1 	 2 	 87 	0.32375 	 0.035 	 -4.41875 	
-12 	 44 	 1019 	0 	 2 	 87 	0.42 	 -0.41125 	 -4.0775 	
-26 	 40 	 1017 	-1 	 2 	 87 	0.72625 	 -0.16625 	 -3.7975 	
-30 	 45 	 1019 	-1 	 2 	 87 	0.9275 	 -0.27125 	 -2.3625 	
-20 	 30 	 1017 	-1 	 1 	 88 	0.9975 	 -0.41125 	 -0.67375 	
-19 	 20 	 1017 	-1 	 1 	 88 	0.665 	 -0.0875 	 -0.30625 	
-26 	 17 	 1018 	-1 	 0 	 88 	0.1575 	 0.37625 	 -0.21875 	
-15 	 14 	 1019 	0 	 0 	 89 	0.00875 	 0.42875 	 0.2975 	
2 	 5 	 1018 	0 	 0 	 90 	0.11375 	 0.3325 	 -0.25375 	
-13 	 6 	 1022 	0 	 0 	 89 	0.5075 	 0.2975 	 -1.9775 	
-17 	 6 	 1020 	0 	 0 	 89 	1.56625 	 0.35 	 -3.19375 	
-28 	 9 	 1019 	-1 	 0 	 88 	1.8725 	 0.39375 	 -4.26125 	
-31 	 12 	 1018 	-1 	 0 	 88 	1.75 	 0.5075 	 -4.1825 	
-36 	 15 	 1018 	-2 	 0 	 87 	1.68 	 0.49875 	 -3.4825 	
-24 	 12 	 1018 	-1 	 0 	 88 	1.84625 	 0.455 	 -2.38 	
-10 	 9 	 1020 	0 	 0 	 89 	2.17875 	 0.42 	 -2.1175 	
-2 	 6 	 1019 	0 	 0 	 90 	2.52 	 0.42 	 -2.8525 	
-2 	 5 	 1019 	0 	 0 	 90 	2.6425 	 0.4375 	 -4.5675 	
-28 	 12 	 1017 	-1 	 0 	 88 	2.4325 	 0.46375 	 -6.50125 	
-40 	 17 	 1017 	-2 	 0 	 87 	1.89875 	 0.35 	 -6.86 	
-34 	 13 	 1021 	-1 	 0 	 88 	1.5225 	 0.315 	 -6.16875 	
-9 	 13 	 1018 	0 	 0 	 89 	2.33625 	 0.55125 	 -6.37 	
-10 	 8 	 1021 	0 	 0 	 89 	2.625 	 0.5425 	 -7.105 	
18 	 0 	 1026 	1 	 0 	 88 	3.78875 	 0.39375 	 -7.51625 	
56 	 -14 	 1013 	3 	 0 	 86 	5.495 	 0.42875 	 -10.4563 	
62 	 -22 	 1014 	3 	 -1 	 86 	3.45625 	 0.7 	 -17.8588 	
58 	 -17 	 1016 	3 	 0 	 86 	1.5575 	 0.4025 	 -27.9213 	
-34 	 25 	 1014 	-1 	 1 	 88 	0.7 	 -0.07 	 -38.7625 	
-115 	 58 	 1016 	-6 	 3 	 83 	1.155 	 0.18375 	 -38.85 	
-93 	 45 	 1021 	-5 	 2 	 84 	0.595 	 0.14875 	 -29.33 	
-11 	 25 	 1025 	0 	 1 	 88 	0.98875 	 0.42 	 -23.0125 	
57 	 -7 	 1017 	3 	 0 	 86 	1.7675 	 0.62125 	 -23.7738 	
88 	 -21 	 1025 	4 	 -1 	 85 	2.6075 	 0.69125 	 -28.6825 	
95 	 -33 	 1020 	5 	 -1 	 84 	3.47375 	 0.63 	 -35.56 	
55 	 -40 	 1028 	3 	 -2 	 86 	2.42375 	 0.07 	 -48.0463 	
60 	 58 	 1003 	3 	 3 	 86 	4.24375 	 0.30625 	 -62.9563 	
63 	 -30 	 1040 	3 	 -1 	 86 	2.65125 	 -0.46375 	 -73.43 	
7 	 -28 	 1021 	0 	 -1 	 88 	6.44875 	 0.105 	 -84.3938 	
-63 	 14 	 1039 	-3 	 0 	 86 	8.25125 	 0.35875 	 -89.3463 	
-36 	 20 	 1019 	-2 	 1 	 87 	13.1163 	 1.2425 	 -86.2663 	
16 	 0 	 1026 	0 	 0 	 89 	14.14 	 1.19 	 -83.685 	
99 	 -12 	 1013 	5 	 0 	 84 	14.28 	 0.805 	 -85.4438 	
142 	 -27 	 997 	8 	 -1 	 81 	13.0288 	 -0.105 	 -98.175 	
119 	 -53 	 1004 	6 	 -3 	 83 	4.8125 	 -2.33625 	 -117.985 	
93 	 -51 	 1013 	5 	 -2 	 84 	1.09375 	 -3.96375 	 -133.525 	
49 	 -67 	 1032 	2 	 -3 	 86 	0.805 	 -4.66375 	 -144.541 	
72 	 -48 	 1019 	4 	 -2 	 85 	1.4525 	 -4.27875 	 -153.685 	
69 	 -56 	 1016 	3 	 -3 	 86 	1.23375 	 -4.62875 	 -165.454 	
5 	 -35 	 1024 	0 	 -1 	 88 	1.32125 	 -5.11 	 -175.796 	
2 	 -29 	 1023 	0 	 -1 	 88 	1.23375 	 -5.50375 	 -180.521 	
-4 	 -2 	 1001 	0 	 0 	 90 	0.9625 	 -5.29375 	 -184.135 	
-126 	 9 	 1025 	-7 	 0 	 83 	-0.3325 	 -5.7225 	 -187.828 	
-212 	 59 	 1020 	-11 	 3 	 78 	-0.14875 	 -5.78375 	 -181.615 	
-136 	 63 	 1023 	-7 	 3 	 82 	1.435 	 -4.19125 	 -165.76 	
-50 	 50 	 995 	-2 	 2 	 87 	1.68875 	 -4.36625 	 -154.744 	
37 	 4 	 1025 	2 	 0 	 87 	1.085 	 -4.57625 	 -152.6 	
78 	 -13 	 1018 	4 	 0 	 85 	1.14625 	 -4.6725 	 -159.679 	
156 	 -35 	 1021 	8 	 -1 	 81 	0.805 	 -5.29375 	 -171.736 	
181 	 -88 	 1023 	10 	 -4 	 80 	0.79625 	 -5.7925 	 -190.829 	
73 	 -92 	 1035 	4 	 -5 	 84 	-0.76125 	 -6.74625 	 -213.728 	
-141 	 -58 	 1010 	-7 	 -3 	 82 	-0.8225 	 -7.2625 	 -226.153 	
-275 	 -1 	 1008 	-15 	 0 	 75 	-0.86625 	 -6.78125 	 -217.726 	
-416 	 49 	 1038 	-21 	 2 	 69 	-2.1525 	 -4.97875 	 -191.599 	
-403 	 111 	 978 	-22 	 6 	 69 	2.77375 	 -5.80125 	 -152.539 	
-264 	 68 	 1021 	-14 	 3 	 75 	1.82 	 -2.94 	 -114.73 	
-84 	 43 	 1025 	-4 	 2 	 85 	1.44375 	 -2.3275 	 -92.015 	
83 	 17 	 1014 	4 	 0 	 85 	2.44125 	 -1.575 	 -86.4763 	
224 	 -15 	 1002 	12 	 0 	 77 	0.49875 	 -2.02125 	 -96.5738 	
230 	 -91 	 1046 	12 	 -4 	 77 	-0.8575 	 -3.54375 	 -116.926 	
100 	 -77 	 1013 	5 	 -4 	 84 	-0.0175 	 -4.43625 	 -141.593 	
-69 	 -45 	 1004 	-3 	 -2 	 86 	-1.72375 	 -5.25875 	 -156.223 	
-313 	 0 	 1024 	-17 	 0 	 73 	-3.70125 	 -5.17125 	 -154.621 	
-442 	 88 	 1029 	-23 	 4 	 68 	-0.02625 	 -3.89375 	 -130.603 	
-363 	 164 	 996 	-19 	 8 	 71 	2.835 	 -1.785 	 -89.95 	
-149 	 60 	 1026 	-8 	 3 	 81 	1.32125 	 -1.07625 	 -54.6963 	
76 	 11 	 1027 	4 	 0 	 85 	3.4475 	 -0.3675 	 -43.7763 	
257 	 -31 	 1012 	14 	 -1 	 76 	3.70125 	 -0.53375 	 -51.7388 	
279 	 -89 	 1018 	15 	 -4 	 75 	0.5775 	 -2.065 	 -74.795 	
317 	 -27 	 1046 	16 	 -1 	 73 	0.55125 	 -2.93125 	 -102.821 	
161 	 -142 	 981 	9 	 -8 	 80 	0.70875 	 -5.7925 	 -133.14 	
-209 	 35 	 1003 	-11 	 1 	 78 	-7.6825 	 -5.39875 	 -156.529 	
-330 	 104 	 1061 	-17 	 5 	 73 	-5.10125 	 -3.85875 	 -141.838 	
-166 	 77 	 1007 	-9 	 4 	 80 	2.205 	 -2.485 	 -112.219 	
59 	 22 	 1022 	3 	 1 	 86 	2.7475 	 -1.86375 	 -99.7413 	
164 	 -32 	 995 	9 	 -1 	 80 	1.54875 	 -3.17625 	 -108.483 	
25 	 3 	 1032 	1 	 0 	 88 	-3.73625 	 -4.41875 	 -122.92 	
-18 	 123 	 870 	-1 	 8 	 81 	-9.30125 	 -6.74625 	 -120.295 	
-113 	 92 	 1055 	-6 	 4 	 83 	-27.7113 	 -6.4225 	 -104.615 	
-83 	 32 	 1044 	-4 	 1 	 85 	-28.1488 	 -7.11375 	 -87.4913 	
-71 	 -125 	 1093 	-3 	 -6 	 83 	-18.6288 	 -5.8275 	 -79.4413 	
-137 	 -158 	 1064 	-7 	 -8 	 81 	-2.96625 	 -2.73 	 -83.9125 	
-202 	 -172 	 1350 	-8 	 -7 	 81 	11.9963 	 -10.8063 	 -89.8538 	
-245 	 -71 	 1285 	-10 	 -3 	 79 	41.8425 	 -39.0863 	 -90.9563 	
-27 	 254 	 73 	-6 	 73 	 16 	52.9113 	 -53.9875 	 -77.98 	
-55 	 18 	 971 	-3 	 1 	 86 	-15.9863 	 23.485 	 -55.02 	
-74 	 35 	 1248 	-3 	 1 	 86 	-18.3225 	 45.6225 	 -43.0238 	
53 	 43 	 1178 	2 	 2 	 87 	-3.7975 	 15.0938 	 -41.3175 	
134 	 70 	 859 	8 	 4 	 81 	0.665 	 -2.2575 	 -45.885 	
61 	 33 	 999 	3 	 1 	 86 	-13.7813 	 10.4213 	 -56.2713 	
-59 	 -12 	 1175 	-2 	 0 	 87 	-10.29 	 12.2938 	 -65.3713 	
-89 	 -4 	 1164 	-4 	 0 	 85 	3.63125 	 -6.23875 	 -71.05 	
46 	 31 	 900 	2 	 1 	 87 	13.9563 	 -17.8763 	 -71.4963 	
18 	 -12 	 875 	1 	 0 	 88 	4.48 	 -1.58375 	 -74.7775 	
-183 	 -19 	 1104 	-9 	 0 	 80 	-4.6725 	 8.7325 	 -78.3038 	
-223 	 79 	 1028 	-12 	 4 	 78 	3.8325 	 4.68125 	 -64.6713 	
-133 	 77 	 890 	-8 	 4 	 81 	1.4175 	 3.45625 	 -43.0763 	
-185 	 15 	 1118 	-9 	 0 	 80 	-5.775 	 6.48375 	 -26.565 	
-59 	 29 	 969 	-3 	 1 	 86 	7.84875 	 2.1 	 -14.3325 	
-24 	 -27 	 1060 	-1 	 -1 	 88 	6.125 	 1.60125 	 -14.4638 	
-69 	 52 	 979 	-4 	 3 	 85 	11.4888 	 2.485 	 -16.3538 	
-58 	 60 	 1003 	-3 	 3 	 86 	3.2725 	 0.98875 	 -9.59875 	
4 	 30 	 1014 	0 	 1 	 88 	0.0875 	 0.55125 	 -2.975 	
-5 	 27 	 1014 	0 	 1 	 88 	-0.21875 	 0.56 	 -1.8725 	
1 	 14 	 1023 	0 	 0 	 90 	-0.42875 	 0.44625 	 -2.54625 	
-44 	 20 	 1020 	-2 	 1 	 87 	-0.455 	 0.37625 	 -3.745 	
-35 	 29 	 1015 	-2 	 1 	 87 	-0.46375 	 0.46375 	 -1.39125 	
-24 	 30 	 1017 	-1 	 1 	 88 	-0.35 	 0.5775 	 0.42 	
-29 	 37 	 1017 	-1 	 2 	 87 	-0.455 	 0.60375 	 1.70625 	
-18 	 31 	 1017 	-1 	 1 	 88 	-0.51625 	 0.63875 	 3.91125 	
-2 	 16 	 1019 	0 	 0 	 90 	-0.6125 	 0.6475 	 4.08625 	
-11 	 14 	 1019 	0 	 0 	 89 	-0.455 	 0.63875 	 1.2075 	
-9 	 26 	 1018 	0 	 1 	 88 	-0.28 	 0.51625 	 -0.86625 	
-11 	 27 	 1017 	0 	 1 	 88 	-0.245 	 0.525 	 -1.70625 	
27 	 28 	 1018 	1 	 1 	 88 	-0.35 	 0.51625 	 -1.72375 	
48 	 -3 	 1021 	2 	 0 	 87 	-0.455 	 0.39375 	 -4.9875 	
-23 	 13 	 1011 	-1 	 0 	 88 	-0.665 	 0.14 	 -11.2088 	
-131 	 47 	 1021 	-7 	 2 	 82 	-1.84625 	 -0.07875 	 -9.82625 	
-25 	 16 	 1022 	-1 	 0 	 88 	-0.49875 	 0.455 	 -2.52 	
-24 	 35 	 1012 	-1 	 1 	 88 	0.60375 	 0.665 	 -2.7825 	
-25 	 31 	 1020 	-1 	 1 	 88 	-0.2625 	 0.49 	 -2.24875 	
-29 	 38 	 1020 	-1 	 2 	 87 	-0.21875 	 0.56 	 -0.76125 	
-13 	 27 	 1013 	0 	 1 	 88 	0.51625 	 0.77875 	 0.46375 	
-18 	 18 	 1021 	-1 	 1 	 88 	0.02625 	 0.63 	 0.00875 	
-18 	 19 	 1017 	-1 	 1 	 88 	-0.105 	 0.595 	 -0.2625 	
-22 	 26 	 1017 	-1 	 1 	 88 	-0.245 	 0.53375 	 -0.315 	
-21 	 33 	 1017 	-1 	 1 	 88 	-0.49 	 0.5425 	 0.35875 	
-5 	 36 	 1011 	0 	 2 	 87 	-1.015 	 0.42875 	 0.79625 	
16 	 21 	 1021 	0 	 1 	 88 	-2.05625 	 0.1925 	 -0.48125 	
19 	 23 	 1010 	1 	 1 	 88 	-2.5025 	 0.02625 	 -3.29 	
11 	 21 	 1013 	0 	 1 	 88 	-4.235 	 -0.4025 	 -5.66125 	
0 	 7 	 1025 	0 	 0 	 90 	-5.08375 	 -0.72625 	 -8.12 	
-24 	 13 	 1024 	-1 	 0 	 88 	-3.63125 	 -0.4025 	 -10.6663 	
-55 	 2 	 1034 	-3 	 0 	 86 	-1.505 	 0.00875 	 -11.7338 	
-64 	 4 	 1029 	-3 	 0 	 86 	2.1875 	 0.7525 	 -10.43 	
-20 	 17 	 1024 	-1 	 0 	 88 	5.36375 	 1.47 	 -8.82 	
-64 	 73 	 992 	-3 	 4 	 85 	5.18 	 1.47875 	 -7.07 	
-29 	 35 	 1018 	-1 	 1 	 88 	1.44375 	 0.88375 	 -1.015 	
-16 	 32 	 1012 	0 	 1 	 88 	0 	 0.63 	 1.505 	
-23 	 43 	 1013 	-1 	 2 	 87 	-1.575 	 0.37625 	 2.52 	
-5 	 24 	 1016 	0 	 1 	 88 	-2.52 	 0.1925 	 3.24625 	
19 	 12 	 1026 	1 	 0 	 88 	-2.275 	 0.16625 	 1.11125 	
14 	 0 	 1027 	0 	 0 	 89 	-0.67375 	 0.35 	 -4.235 	
-18 	 7 	 1024 	-1 	 0 	 88 	1.61 	 0.67375 	 -8.645 	
-34 	 20 	 1022 	-1 	 1 	 88 	3.54375 	 1.04125 	 -9.79125 	
-38 	 36 	 1007 	-2 	 2 	 87 	2.72125 	 0.88375 	 -8.81125 	
-30 	 29 	 1009 	-1 	 1 	 88 	0.105 	 0.4025 	 -6.93 	
-29 	 23 	 1018 	-1 	 1 	 88 	-0.18375 	 0.41125 	 -5.04 	
-25 	 25 	 1019 	-1 	 1 	 88 	-0.14875 	 0.4375 	 -3.57875 	
-24 	 29 	 1016 	-1 	 1 	 88 	-0.175 	 0.49 	 -2.835 	
-27 	 33 	 1018 	-1 	 1 	 88 	-0.25375 	 0.46375 	 -2.10875 	
-23 	 30 	 1017 	-1 	 1 	 88 	-0.28875 	 0.53375 	 -0.93625 	
-18 	 28 	 1019 	-1 	 1 	 88 	-0.2975 	 0.525 	 0.14875 	
-14 	 27 	 1017 	0 	 1 	 88 	-0.315 	 0.525 	 0.28 	
-12 	 23 	 1017 	0 	 1 	 88 	-0.35 	 0.53375 	 -0.21 	
-20 	 20 	 1018 	-1 	 1 	 88 	-0.34125 	 0.525 	 -0.77875 	
-26 	 27 	 1016 	-1 	 1 	 88 	-0.28875 	 0.525 	 -0.62125 	
-28 	 29 	 1016 	-1 	 1 	 88 	-0.21875 	 0.5775 	 -0.0175 	
-30 	 41 	 1016 	-1 	 2 	 87 	-0.18375 	 0.58625 	 1.11125 	
-17 	 38 	 1017 	0 	 2 	 87 	-0.2975 	 0.62125 	 2.24 	
-12 	 42 	 1018 	0 	 2 	 87 	-0.27125 	 0.63875 	 2.59875 	
-12 	 46 	 1015 	0 	 2 	 87 	-0.4375 	 0.7 	 2.56375 	
-16 	 45 	 1017 	0 	 2 	 87 	-0.49875 	 0.67375 	 2.68625 	
-4 	 51 	 1019 	0 	 2 	 87 	-0.49 	 0.63 	 3.14125 	
39 	 59 	 1017 	2 	 3 	 86 	-0.2975 	 0.4725 	 2.33625 	
44 	 36 	 1015 	2 	 2 	 87 	-0.46375 	 0.30625 	 -1.86375 	
-13 	 38 	 1021 	0 	 2 	 87 	-0.56875 	 0.35875 	 -5.81 	
-47 	 58 	 1009 	-2 	 3 	 86 	-0.39375 	 0.42 	 -5.5125 	
-66 	 66 	 1017 	-3 	 3 	 86 	-0.46375 	 0.5425 	 -1.88125 	
-46 	 75 	 1022 	-2 	 4 	 85 	-0.1925 	 0.7525 	 3.5 	
-3 	 65 	 1013 	0 	 3 	 86 	-0.56 	 0.62125 	 7.175 	
17 	 62 	 1024 	0 	 3 	 86 	-0.69125 	 0.7175 	 6.99125 	
7 	 69 	 1009 	0 	 3 	 86 	0.525 	 0.84875 	 4.20875 	
-20 	 79 	 1010 	-1 	 4 	 85 	-0.60375 	 0.5775 	 2.1525 	
-39 	 65 	 1018 	-2 	 3 	 86 	-0.4375 	 0.69125 	 3.22 	
-41 	 69 	 1021 	-2 	 3 	 86 	-0.55125 	 0.7175 	 6.18625 	
-28 	 54 	 1003 	-1 	 3 	 86 	-0.67375 	 0.77875 	 9.05625 	
1 	 63 	 1004 	0 	 3 	 86 	0.2275 	 1.015 	 9.75625 	
31 	 57 	 1030 	1 	 3 	 86 	-2.23125 	 0.595 	 8.72375 	
64 	 82 	 1022 	3 	 4 	 85 	-0.875 	 0.875 	 6.08125 	
81 	 65 	 1028 	4 	 3 	 85 	-0.8925 	 0.49 	 1.015 	
83 	 101 	 1022 	4 	 5 	 84 	-0.6125 	 0.39375 	 -5.31125 	
77 	 73 	 1014 	4 	 4 	 85 	-1.09375 	 -0.13125 	 -11.3225 	
19 	 54 	 1002 	1 	 3 	 86 	0.665 	 0.3675 	 -17.3163 	
-29 	 61 	 1028 	-1 	 3 	 86 	0.1925 	 0.35875 	 -20.8163 	
-58 	 42 	 999 	-3 	 2 	 86 	-0.455 	 0.035 	 -21.14 	
-102 	 48 	 1036 	-5 	 2 	 84 	0.07875 	 0.16625 	 -18.9175 	
-112 	 33 	 1025 	-6 	 1 	 83 	0.51625 	 0.06125 	 -13.7113 	
-107 	 74 	 989 	-6 	 4 	 83 	-0.42 	 0.53375 	 -7.06125 	
-57 	 44 	 1021 	-3 	 2 	 86 	0.06125 	 0.6125 	 -0.245 	
16 	 12 	 1002 	0 	 0 	 89 	0.1925 	 0.8925 	 1.3825 	
34 	 3 	 1017 	1 	 0 	 88 	-0.5075 	 0.3325 	 -3.0275 	
-9 	 -4 	 1027 	0 	 0 	 89 	0.3675 	 0.105 	 -8.5925 	
-39 	 16 	 1021 	-2 	 0 	 87 	0.58625 	 0.21875 	 -10.7975 	
-54 	 2 	 1060 	-2 	 0 	 87 	-1.61 	 -0.58625 	 -10.3163 	
-36 	 45 	 1003 	-2 	 2 	 87 	0.735 	 0.58625 	 -8.4 	
-45 	 58 	 989 	-2 	 3 	 86 	0.32375 	 0.06125 	 -7.14875 	
-32 	 61 	 1019 	-1 	 3 	 86 	-1.05 	 0.20125 	 -5.06625 	
-34 	 59 	 1027 	-1 	 3 	 86 	-1.1725 	 -0.16625 	 -2.94875 	
-42 	 3 	 1018 	-2 	 0 	 87 	-0.4025 	 0.28875 	 -0.30625 	
-11 	 -4 	 1012 	0 	 0 	 89 	0.7875 	 0.67375 	 1.2775 	
39 	 5 	 1022 	2 	 0 	 87 	0.95375 	 0.77875 	 -1.04125 	
25 	 47 	 1021 	1 	 2 	 87 	0.2625 	 0.175 	 -6.72875 	
18 	 53 	 1003 	1 	 3 	 86 	-0.8225 	 0.28 	 -10.8238 	
-14 	 38 	 1025 	0 	 2 	 87 	-1.2075 	 0.0175 	 -12.6175 	
-13 	 39 	 1025 	0 	 2 	 87 	-0.67375 	 0.175 	 -12.8188 	
-25 	 45 	 1008 	-1 	 2 	 87 	0.09625 	 0.77875 	 -11.795 	
-27 	 -4 	 1024 	-1 	 0 	 88 	-0.02625 	 0.44625 	 -9.94875 	
-11 	 0 	 1022 	0 	 0 	 89 	0.6475 	 0.51625 	 -9.87 	
-12 	 47 	 1006 	0 	 2 	 87 	0.21 	 0.105 	 -11.6463 	
-17 	 43 	 1016 	0 	 2 	 87 	-0.16625 	 0.2975 	 -12.3113 	
-20 	 66 	 1021 	-1 	 3 	 86 	-0.91875 	 0.20125 	 -12.4513 	
-35 	 55 	 1010 	-2 	 3 	 86 	-0.9625 	 -0.48125 	 -12.005 	
-17 	 56 	 1029 	0 	 3 	 86 	-0.79625 	 0.20125 	 -10.08 	
3 	 21 	 1019 	0 	 1 	 88 	0.06125 	 0.56 	 -8.9425 	
3 	 39 	 1006 	0 	 2 	 87 	0.60375 	 0.44625 	 -10.2025 	
-24 	 20 	 1030 	-1 	 1 	 88 	0.13125 	 0.20125 	 -11.6638 	
-67 	 50 	 1011 	-3 	 2 	 86 	0.9275 	 0.74375 	 -10.7625 	
-66 	 71 	 1006 	-3 	 4 	 85 	0.0525 	 0.14875 	 -6.15125 	
-16 	 97 	 1016 	0 	 5 	 84 	-0.56 	 0.14 	 -1.46125 	
30 	 95 	 1024 	1 	 5 	 84 	-1.085 	 0.42875 	 -0.525 	
45 	 48 	 1013 	2 	 2 	 87 	-1.12 	 0.18375 	 -3.64 	
36 	 -59 	 1033 	2 	 -3 	 86 	-0.42 	 0.02625 	 -8.47875 	
2 	 -29 	 1010 	0 	 -1 	 88 	1.1025 	 -0.1925 	 -13.9388 	
-40 	 16 	 1011 	-2 	 0 	 87 	2.03 	 0.55125 	 -16.415 	
-72 	 53 	 1022 	-4 	 2 	 85 	0.455 	 0.35 	 -15.155 	
-63 	 18 	 1014 	-3 	 1 	 86 	-0.27125 	 0.16625 	 -9.905 	
-30 	 19 	 1024 	-1 	 1 	 88 	-0.44625 	 0.28875 	 -6.9125 	
-16 	 32 	 1004 	0 	 1 	 88 	-0.1925 	 0.04375 	 -6.825 	
-6 	 23 	 1025 	0 	 1 	 88 	-0.14875 	 0.41125 	 -7.3675 	
-9 	 10 	 1031 	0 	 0 	 89 	-0.175 	 0.37625 	 -9.17875 	
-21 	 31 	 986 	-1 	 1 	 88 	1.1725 	 0.35875 	 -11.235 	
-42 	 32 	 1042 	-2 	 1 	 87 	-0.70875 	 0.39375 	 -12.285 	
-39 	 55 	 1014 	-2 	 3 	 86 	0.735 	 0.25375 	 -10.5613 	
-27 	 33 	 1009 	-1 	 1 	 88 	0.35875 	 0.6825 	 -7.83125 	
12 	 39 	 1020 	0 	 2 	 87 	-0.11375 	 0.34125 	 -6.53625 	
21 	 58 	 1014 	1 	 3 	 86 	-0.385 	 -0.0525 	 -7.49875 	
11 	 46 	 1021 	0 	 2 	 87 	-0.79625 	 -0.42875 	 -9.40625 	
4 	 48 	 1002 	0 	 2 	 87 	-0.56875 	 0.3325 	 -10.7975 	
14 	 50 	 1016 	0 	 2 	 87 	-0.42875 	 -0.48125 	 -11.83 	
-5 	 79 	 1010 	0 	 4 	 85 	-0.02625 	 -0.0875 	 -12.0313 	
0 	 51 	 1023 	0 	 2 	 87 	0.04375 	 0.23625 	 -11.1038 	
14 	 15 	 1037 	0 	 0 	 89 	-0.77 	 -0.49 	 -12.7313 	
6 	 -11 	 995 	0 	 0 	 90 	1.1725 	 1.25125 	 -16.065 	
-46 	 35 	 1029 	-2 	 1 	 87 	0.035 	 0.105 	 -19.2675 	
-71 	 105 	 1014 	-4 	 5 	 84 	0.51625 	 -0.07 	 -17.4913 	
-44 	 54 	 1000 	-2 	 3 	 86 	-0.88375 	 -0.4375 	 -12.7488 	
-36 	 52 	 1011 	-2 	 2 	 87 	-0.56 	 0.60375 	 -10.8063 	
-32 	 40 	 1046 	-1 	 2 	 87 	-1.30375 	 0.11375 	 -10.4388 	
3 	 35 	 1001 	0 	 2 	 87 	0.39375 	 0.20125 	 -10.745 	
17 	 12 	 1009 	0 	 0 	 89 	0.595 	 -0.02625 	 -13.58 	
29 	 -18 	 1040 	1 	 0 	 88 	-0.8575 	 -0.5075 	 -15.89 	
-10 	 12 	 1002 	0 	 0 	 89 	1.225 	 0.14875 	 -18.4713 	
-40 	 25 	 1040 	-2 	 1 	 87 	-0.56 	 -0.5075 	 -19.6963 	
-41 	 37 	 995 	-2 	 2 	 87 	-0.13125 	 -0.385 	 -18.5763 	
-55 	 80 	 1015 	-3 	 4 	 85 	-1.085 	 -0.46375 	 -17.3338 	
-60 	 47 	 1004 	-3 	 2 	 86 	-1.47875 	 -0.2625 	 -14.8838 	
-83 	 21 	 1060 	-4 	 1 	 85 	-0.62125 	 0.37625 	 -11.69 	
-2 	 14 	 1006 	0 	 0 	 90 	-0.0875 	 -0.7525 	 -9.23125 	
-9 	 51 	 1007 	0 	 2 	 87 	1.32125 	 0.56 	 -10.01 	
-21 	 18 	 879 	-1 	 1 	 88 	-1.26 	 0.14 	 -10.57 	
-4 	 44 	 880 	0 	 2 	 87 	0.5075 	 -0.25375 	 -8.085 	
-59 	 50 	 1033 	-3 	 2 	 86 	0.09625 	 1.085 	 -6.475 	
-44 	 2 	 1029 	-2 	 0 	 87 	-0.72625 	 0.55125 	 -4.27 	
-12 	 58 	 1002 	0 	 3 	 86 	0.42875 	 0.93625 	 -2.65125 	
12 	 14 	 1019 	0 	 0 	 89 	-0.5775 	 -0.0875 	 -3.63125 	
-12 	 -5 	 1025 	0 	 0 	 89 	-0.6825 	 0.2275 	 -5.635 	
-36 	 33 	 999 	-2 	 1 	 87 	0.77875 	 0.98 	 -5.355 	
-30 	 45 	 1027 	-1 	 2 	 87 	0.07875 	 0.81375 	 -3.84125 	
-10 	 31 	 985 	0 	 1 	 88 	0.69125 	 0.77 	 -2.68625 	
6 	 -7 	 1060 	0 	 0 	 90 	-0.51625 	 0.62125 	 -3.92 	
35 	 26 	 1013 	2 	 1 	 87 	0.4375 	 0.6825 	 -7.90125 	
45 	 0 	 1003 	2 	 0 	 87 	0.04375 	 -0.23625 	 -12.5213 	
20 	 38 	 1028 	1 	 2 	 87 	0.02625 	 -0.105 	 -17.7975 	
-24 	 24 	 1029 	-1 	 1 	 88 	-0.455 	 -0.35 	 -20.44 	
-55 	 19 	 1010 	-3 	 1 	 86 	0.4725 	 0.06125 	 -19.0313 	
-68 	 -31 	 1021 	-3 	 -1 	 86 	0.56 	 -0.42 	 -14.3763 	
-48 	 33 	 1019 	-2 	 1 	 87 	1.785 	 0.525 	 -10.0275 	
-3 	 50 	 1008 	0 	 2 	 87 	0.805 	 -0.21875 	 -7.62125 	
7 	 26 	 1027 	0 	 1 	 88 	-0.175 	 0.04375 	 -8.4875 	
6 	 41 	 983 	0 	 2 	 87 	0.55125 	 0.42 	 -10.5613 	
-41 	 25 	 1031 	-2 	 1 	 87 	-0.77 	 0.20125 	 -10.8413 	
-4 	 2 	 1041 	0 	 0 	 90 	0.7175 	 0.65625 	 -7.77875 	
16 	 44 	 1000 	0 	 2 	 87 	1.60125 	 0.88375 	 -8.11125 	
2 	 -13 	 1050 	0 	 0 	 90 	-0.0875 	 0.035 	 -10.6838 	
0 	 52 	 989 	0 	 3 	 86 	2.17 	 1.11125 	 -13.02 	
0 	 85 	 1028 	0 	 4 	 85 	-1.085 	 -0.41125 	 -15.015 	
-19 	 38 	 1012 	-1 	 2 	 87 	-0.245 	 0.02625 	 -15.0763 	
-16 	 -31 	 1013 	0 	 -1 	 88 	0.74375 	 0.14 	 -14.5163 	
-10 	 52 	 1025 	0 	 2 	 87 	0.665 	 -0.55125 	 -15.085 	
8 	 74 	 987 	0 	 4 	 85 	1.49625 	 -0.20125 	 -15.5575 	
1 	 60 	 1038 	0 	 3 	 86 	-2.12625 	 -1.39125 	 -17.5963 	
-29 	 30 	 1003 	-1 	 1 	 88 	0.8225 	 0.32375 	 -18.0688 	
-26 	 22 	 1041 	-1 	 1 	 88 	-0.46375 	 -0.035 	 -17.465 	
-28 	 18 	 1027 	-1 	 1 	 88 	1.18125 	 0.65625 	 -16.7738 	
-35 	 101 	 997 	-2 	 5 	 84 	1.40875 	 0.56 	 -16.0825 	
-28 	 86 	 1022 	-1 	 4 	 85 	-1.61 	 -1.0675 	 -14.21 	
-19 	 55 	 1014 	-1 	 3 	 86 	-0.39375 	 0.67375 	 -11.69 	
3 	 5 	 1018 	0 	 0 	 90 	1.0325 	 0.245 	 -10.2725 	
10 	 53 	 999 	0 	 3 	 86 	1.0675 	 0.00875 	 -12.5563 	
-9 	 73 	 999 	0 	 4 	 85 	0.1575 	 -0.5075 	 -16.1788 	
-55 	 63 	 1079 	-2 	 3 	 86 	-1.79375 	 -0.7525 	 -17.1238 	
-46 	 66 	 1000 	-2 	 3 	 86 	1.25125 	 0.3325 	 -13.3438 	
-6 	 44 	 991 	0 	 2 	 87 	-0.28875 	 -0.49875 	 -8.93375 	
2 	 67 	 994 	0 	 3 	 86 	2.49375 	 1.33875 	 -8.3475 	
58 	 154 	 1020 	3 	 8 	 81 	0.035 	 0.35875 	 -10.4913 	
55 	 42 	 1034 	3 	 2 	 86 	-1.8375 	 -0.76125 	 -14.3588 	
5 	 41 	 1017 	0 	 2 	 87 	0.83125 	 0.09625 	 -19.2238 	
12 	 63 	 993 	0 	 3 	 86 	0.5075 	 0.04375 	 -22.9863 	
-24 	 63 	 1025 	-1 	 3 	 86 	0.13125 	 0.39375 	 -24.8675 	
-16 	 79 	 987 	0 	 4 	 85 	0.5775 	 -0.5775 	 -24.2725 	
-49 	 16 	 1052 	-2 	 0 	 87 	0.25375 	 -0.23625 	 -23.4938 	
-55 	 41 	 1035 	-3 	 2 	 86 	0.90125 	 -0.1575 	 -22.225 	
-49 	 73 	 981 	-2 	 4 	 85 	1.2425 	 -0.07 	 -20.23 	
-58 	 76 	 1010 	-3 	 4 	 85 	-0.48125 	 -0.42875 	 -18.025 	
-62 	 81 	 1033 	-3 	 4 	 85 	-0.455 	 0 	 -14.8575 	
-9 	 0 	 1008 	0 	 0 	 89 	-0.5425 	 -0.56 	 -11.3925 	
20 	 -8 	 916 	1 	 0 	 88 	1.33 	 0.67375 	 -11.8738 	
64 	 52 	 1030 	3 	 2 	 86 	-0.09625 	 0.21 	 -17.29 	
25 	 62 	 1003 	1 	 3 	 86 	0.20125 	 0.0175 	 -24.1763 	
-20 	 54 	 1030 	-1 	 3 	 86 	-1.19875 	 -0.72625 	 -27.9913 	
-84 	 1 	 995 	-4 	 0 	 85 	-0.53375 	 -0.7 	 -27.3875 	
-118 	 9 	 1017 	-6 	 0 	 83 	0.98 	 -0.53375 	 -24.0188 	
-89 	 81 	 943 	-5 	 4 	 84 	0.8575 	 -0.02625 	 -18.9263 	
-68 	 41 	 1010 	-3 	 2 	 86 	0.735 	 0.0875 	 -14.4113 	
-62 	 64 	 1020 	-3 	 3 	 86 	-0.5075 	 0.13125 	 -9.79125 	
-32 	 63 	 1006 	-1 	 3 	 86 	-1.2075 	 -0.28875 	 -6.4225 	
-30 	 70 	 1019 	-1 	 3 	 86 	-1.155 	 -0.60375 	 -5.4775 	
-14 	 -6 	 1020 	0 	 0 	 89 	-0.81375 	 -0.23625 	 -5.32875 	
-10 	 -17 	 1026 	0 	 0 	 89 	0.81375 	 0.49 	 -5.99375 	
-30 	 -2 	 1021 	-1 	 0 	 88 	1.00625 	 0.665 	 -6.08125 	
0 	 4 	 1006 	0 	 0 	 90 	1.60125 	 1.19 	 -6.8425 	
38 	 -19 	 1031 	2 	 -1 	 87 	0.32375 	 0.77 	 -13.2125 	
-9 	 56 	 1007 	0 	 3 	 86 	0.14 	 0.175 	 -23.1613 	
-85 	 90 	 1009 	-4 	 5 	 84 	-0.95375 	 -0.2975 	 -27.3263 	
-105 	 98 	 1013 	-5 	 5 	 84 	-2.1875 	 -0.9275 	 -23.6513 	
-87 	 60 	 1027 	-4 	 3 	 85 	-1.9425 	 -0.525 	 -16.1613 	
-17 	 -29 	 1010 	0 	 -1 	 88 	0.21 	 0.07875 	 -7.91875 	
25 	 2 	 1031 	1 	 0 	 88 	1.21625 	 0.44625 	 -3.29 	
25 	 3 	 1026 	1 	 0 	 88 	1.2075 	 0.4725 	 -3.5 	
5 	 8 	 1010 	0 	 0 	 90 	1.05 	 0.42 	 -4.6025 	
-24 	 38 	 1020 	-1 	 2 	 87 	0.1225 	 0.5425 	 -6.0725 	
-36 	 1 	 1012 	-2 	 0 	 87 	0.28875 	 0.3675 	 -6.8075 	
-45 	 48 	 1024 	-2 	 2 	 87 	-0.0175 	 0.13125 	 -6.5275 	
-51 	 81 	 997 	-2 	 4 	 85 	-0.1225 	 0.2275 	 -4.9175 	
-62 	 28 	 1029 	-3 	 1 	 86 	-0.72625 	 0.49 	 -1.995 	
-40 	 90 	 1006 	-2 	 5 	 84 	0.14875 	 0.385 	 3.42125 	
15 	 -2 	 1029 	0 	 0 	 89 	-0.16625 	 0.7 	 8.9075 	
53 	 14 	 1023 	3 	 0 	 87 	0.8225 	 0.76125 	 9.30125 	
83 	 -15 	 1018 	4 	 0 	 85 	0.63875 	 0.3675 	 3.35125 	
36 	 11 	 1018 	2 	 0 	 87 	0.53375 	 0.16625 	 -7.175 	
-12 	 71 	 1003 	0 	 4 	 85 	-0.13125 	 -0.23625 	 -12.4338 	
-41 	 -3 	 1028 	-2 	 0 	 87 	-0.875 	 -0.245 	 -11.76 	
-29 	 9 	 1006 	-1 	 0 	 88 	-0.035 	 -0.1925 	 -9.86125 	
21 	 0 	 1036 	1 	 0 	 88 	-0.28 	 -0.1925 	 -9.03 	
40 	 18 	 1012 	2 	 1 	 87 	0.46375 	 0.4375 	 -12.53 	
26 	 42 	 1002 	1 	 2 	 87 	-1.35625 	 -0.27125 	 -17.8063 	
3 	 -4 	 1030 	0 	 0 	 90 	-0.77 	 -0.06125 	 -21.4288 	
-35 	 -7 	 1026 	-1 	 0 	 88 	1.74125 	 0.0525 	 -21.5338 	
-48 	 33 	 1023 	-2 	 1 	 87 	1.96 	 0.525 	 -16.9138 	
-33 	 27 	 1011 	-1 	 1 	 88 	1.11125 	 0.5775 	 -12.1538 	
-23 	 2 	 1000 	-1 	 0 	 88 	0.595 	 0.60375 	 -10.8325 	
-31 	 -33 	 1030 	-1 	 -1 	 88 	0.42 	 0.51625 	 -11.55 	
-26 	 -14 	 1025 	-1 	 0 	 88 	0.44625 	 0.14 	 -12.7138 	
-37 	 -20 	 1015 	-2 	 -1 	 87 	0.3675 	 0.6475 	 -14.3588 	
-46 	 49 	 1004 	-2 	 2 	 87 	0.2625 	 0.1225 	 -15.6625 	
-64 	 13 	 1023 	-3 	 0 	 86 	-0.9975 	 0.0175 	 -14.77 	
-63 	 -1 	 1016 	-3 	 0 	 86 	-0.21 	 0.0175 	 -11.1213 	
-22 	 2 	 1026 	-1 	 0 	 88 	-0.3325 	 0.30625 	 -5.0575 	
13 	 0 	 1006 	0 	 0 	 89 	0.21875 	 0.6825 	 -1.88125 	
12 	 -18 	 1018 	0 	 -1 	 88 	-0.175 	 0.4375 	 -3.5 	
0 	 8 	 1031 	0 	 0 	 90 	-0.27125 	 0.55125 	 -5.13625 	
-8 	 0 	 1019 	0 	 0 	 90 	0.14875 	 0.48125 	 -6.3 	
-15 	 6 	 1003 	0 	 0 	 89 	0.0875 	 0.41125 	 -6.825 	
-16 	 23 	 1014 	0 	 1 	 88 	-0.16625 	 0.14 	 -5.88 	
-9 	 20 	 1034 	0 	 1 	 88 	-0.6475 	 0.16625 	 -4.89125 	
1 	 1 	 1012 	0 	 0 	 90 	-0.30625 	 0.28 	 -5.3025 	
-2 	 1 	 1016 	0 	 0 	 90 	0.13125 	 0.58625 	 -5.74875 	
0 	 17 	 1011 	0 	 0 	 90 	0.09625 	 0.4375 	 -5.60875 	
-15 	 -3 	 1029 	0 	 0 	 89 	-0.2275 	 0.2975 	 -5.88875 	
-29 	 -1 	 1018 	-1 	 0 	 88 	-0.1225 	 0.34125 	 -5.2325 	
-43 	 0 	 1012 	-2 	 0 	 87 	0.1225 	 0.28875 	 -4.3925 	
-61 	 -31 	 1024 	-3 	 -1 	 86 	0.1225 	 0.0175 	 -2.2575 	
-48 	 6 	 1015 	-2 	 0 	 87 	0.5425 	 0.63875 	 3.22 	
-1 	 11 	 1019 	0 	 0 	 90 	0.35875 	 0.91 	 7.035 	
34 	 -29 	 1018 	1 	 -1 	 88 	0.105 	 0.69125 	 5.25 	
43 	 -17 	 1015 	2 	 0 	 87 	0.00875 	 0.53375 	 -0.07875 	
26 	 -26 	 1018 	1 	 -1 	 88 	0.14 	 0.4375 	 -6.7375 	
-20 	 -64 	 1028 	-1 	 -3 	 86 	-0.0875 	 0.2275 	 -11.3925 	
-50 	 -5 	 1008 	-2 	 0 	 87 	0.60375 	 0.4725 	 -10.2113 	
-37 	 -24 	 1023 	-2 	 -1 	 87 	0.34125 	 0.245 	 -5.55625 	
-27 	 0 	 1013 	-1 	 0 	 88 	0.385 	 0.6475 	 -2.58125 	
1 	 -3 	 1021 	0 	 0 	 90 	-0.1925 	 0.5075 	 -1.225 	
9 	 4 	 1017 	0 	 0 	 89 	0.21 	 0.34125 	 -2.14375 	
-17 	 -39 	 1020 	0 	 -2 	 87 	-0.3325 	 0.385 	 -3.4825 	
-47 	 -7 	 1013 	-2 	 0 	 87 	0.4375 	 0.58625 	 -1.28625 	
-58 	 -30 	 1026 	-3 	 -1 	 86 	0.16625 	 0.8925 	 4.99625 	
-39 	 -44 	 1022 	-2 	 -2 	 87 	0.46375 	 1.00625 	 11.9613 	
-5 	 -41 	 1004 	0 	 -2 	 87 	0.875 	 1.12 	 16.38 	
18 	 -34 	 1027 	1 	 -1 	 88 	0.00875 	 1.2075 	 16.4238 	
27 	 -67 	 1022 	1 	 -3 	 86 	0.07875 	 1.14625 	 13.9388 	
19 	 -42 	 1014 	1 	 -2 	 87 	0.25375 	 1.11125 	 11.235 	
28 	 -30 	 1021 	1 	 -1 	 88 	0.04375 	 0.86625 	 8.995 	
20 	 -38 	 1020 	1 	 -2 	 87 	0.07875 	 0.805 	 6.44875 	
10 	 -51 	 1016 	0 	 -2 	 87 	-0.21875 	 0.70875 	 4.10375 	
-10 	 -31 	 1020 	0 	 -1 	 88 	-0.16625 	 0.6825 	 2.9225 	
-5 	 -23 	 1018 	0 	 -1 	 88 	0.07 	 0.7525 	 3.22875 	
10 	 -18 	 1019 	0 	 -1 	 88 	-0.105 	 0.6825 	 2.61625 	
-2 	 15 	 1015 	0 	 0 	 90 	-0.34125 	 0.58625 	 0.9275 	
-10 	 28 	 1018 	0 	 1 	 88 	-0.84 	 0.4375 	 0.0175 	
-15 	 32 	 1016 	0 	 1 	 88 	-0.735 	 0.42875 	 -0.20125 	
-17 	 35 	 1016 	0 	 2 	 87 	-0.44625 	 0.525 	 0 	
-17 	 36 	 1017 	0 	 2 	 87 	-0.105 	 0.62125 	 0.385 	
-16 	 37 	 1015 	0 	 2 	 87 	0.0875 	 0.63875 	 0.65625 	
-16 	 37 	 1016 	0 	 2 	 87 	-0.04375 	 0.6475 	 0.735 	
-15 	 36 	 1013 	0 	 2 	 87 	-0.2275 	 0.60375 	 0.735 	
-14 	 35 	 1015 	0 	 1 	 88 	-0.4025 	 0.5775 	 0.56875 	
-14 	 36 	 1016 	0 	 2 	 87 	-0.49 	 0.53375 	 0.2975 	
-16 	 35 	 1016 	0 	 2 	 87 	-0.455 	 0.5425 	 0.28 	
-15 	 34 	 1017 	0 	 1 	 88 	-0.51625 	 0.55125 	 0.41125 	
-16 	 35 	 1017 	0 	 1 	 88 	-0.56 	 0.55125 	 0.525 	
-15 	 35 	 1016 	0 	 2 	 87 	-0.46375 	 0.56 	 0.7 	
-14 	 34 	 1015 	0 	 1 	 88 	-0.455 	 0.5425 	 0.7525 	
-15 	 35 	 1016 	0 	 2 	 87 	-0.455 	 0.56 	 0.63875 	
-15 	 35 	 1016 	0 	 2 	 87 	-0.48125 	 0.56875 	 0.56 	
-15 	 35 	 1017 	0 	 1 	 88 	-0.4725 	 0.53375 	 0.56875 	
-15 	 35 	 1017 	0 	 1 	 88 	-0.39375 	 0.53375 	 0.58625 	
-15 	 34 	 1016 	0 	 1 	 88 	-0.21875 	 0.55125 	 0.665 	
-14 	 33 	 1017 	0 	 1 	 88 	-0.23625 	 0.60375 	 0.56 	
-14 	 35 	 1016 	0 	 1 	 88 	-0.27125 	 0.5775 	 0.2975 	
-16 	 37 	 1016 	0 	 2 	 87 	-0.32375 	 0.525 	 0.07875 	
-17 	 36 	 1017 	0 	 2 	 87 	-0.30625 	 0.58625 	 0.00875 	
-16 	 36 	 1016 	0 	 2 	 87 	-0.2625 	 0.5425 	 0.0175 	
-15 	 36 	 1016 	0 	 2 	 87 	-0.27125 	 0.5425 	 0.14 	
-15 	 36 	 1016 	0 	 2 	 87 	-0.28875 	 0.5425 	 0.21 	
-16 	 35 	 1016 	0 	 2 	 87 	-0.23625 	 0.58625 	 0.28 	
-14 	 33 	 1015 	0 	 1 	 88 	-0.245 	 0.595 	 0.35875 	
-13 	 35 	 1016 	0 	 1 	 88 	-0.27125 	 0.56 	 0.28 	
-15 	 35 	 1016 	0 	 1 	 88 	-0.30625 	 0.55125 	 0.105 	
-15 	 36 	 1015 	0 	 2 	 87 	-0.30625 	 0.55125 	 -0.07875 	
-17 	 36 	 1016 	0 	 2 	 87 	-0.315 	 0.55125 	 -0.1575 	
-15 	 36 	 1016 	0 	 2 	 87 	-0.30625 	 0.56875 	 -0.21 	
-15 	 36 	 1016 	0 	 2 	 87 	-0.27125 	 0.53375 	 -0.25375 	
-15 	 36 	 1016 	0 	 2 	 87 	-0.28875 	 0.525 	 -0.245 	
-16 	 35 	 1015 	0 	 2 	 87 	-0.2275 	 0.5425 	 -0.23625 	
-15 	 33 	 1016 	0 	 1 	 88 	-0.16625 	 0.5775 	 -0.245 	
-16 	 34 	 1017 	0 	 1 	 88 	-0.1225 	 0.5775 	 -0.21 	
-15 	 35 	 1016 	0 	 2 	 87 	0.02625 	 0.6125 	 0 	
-14 	 36 	 1015 	0 	 2 	 87 	-0.035 	 0.62125 	 0.09625 	
-14 	 35 	 1015 	0 	 2 	 87 	-0.1575 	 0.56 	 0.0875 	
-16 	 36 	 1016 	0 	 2 	 87 	-0.35 	 0.5425 	 0.0525 	
-17 	 36 	 1016 	0 	 2 	 87 	-0.2975 	 0.53375 	 -0.02625 	
-17 	 36 	 1016 	0 	 2 	 87 	-0.28875 	 0.56875 	 0 	
-16 	 35 	 1016 	0 	 2 	 87 	-0.2625 	 0.55125 	 0.13125 	
-14 	 35 	 1015 	0 	 1 	 88 	-0.28 	 0.5425 	 0.18375 	
-14 	 34 	 1014 	0 	 1 	 88 	-0.27125 	 0.5775 	 0.105 	
-15 	 33 	 1016 	0 	 1 	 88 	-0.30625 	 0.56875 	 -0.035 	
-15 	 35 	 1017 	0 	 1 	 88 	-0.30625 	 0.56875 	 -0.14 	
-16 	 36 	 1017 	0 	 2 	 87 	-0.3325 	 0.5775 	 -0.1575 	
-16 	 36 	 1016 	0 	 2 	 87 	-0.315 	 0.525 	 -0.20125 	
-16 	 35 	 1016 	0 	 2 	 87 	-0.3325 	 0.58625 	 -0.2275 	
-16 	 35 	 1016 	0 	 2 	 87 	-0.2975 	 0.58625 	 -0.20125 	
-16 	 35 	 1017 	0 	 2 	 87 	-0.32375 	 0.55125 	 -0.175 	
-16 	 35 	 1016 	0 	 2 	 87 	-0.27125 	 0.5425 	 -0.1575 	
-16 	 35 	 1016 	0 	 1 	 88 	-0.28875 	 0.55125 	 -0.20125 	
-15 	 34 	 1016 	0 	 1 	 88 	-0.315 	 0.56875 	 -0.21 	
-15 	 36 	 1016 	0 	 2 	 87 	-0.315 	 0.56 	 -0.23625 	
-15 	 35 	 1016 	0 	 2 	 88 	-0.2275 	 0.56 	 -0.2625 	
-15 	 35 	 1017 	0 	 1 	 88 	-0.16625 	 0.56875 	 -0.23625 	
-15 	 35 	 1017 	0 	 1 	 88 	-0.1575 	 0.6125 	 -0.23625 	
-16 	 36 	 1016 	0 	 2 	 87 	-0.21875 	 0.6125 	 -0.27125 	
-15 	 35 	 1017 	0 	 2 	 87 	-0.23625 	 0.53375 	 -0.21875 	
-15 	 34 	 1016 	0 	 1 	 88 	-0.245 	 0.56 	 -0.21 	
-15 	 34 	 1016 	0 	 1 	 88 	-0.27125 	 0.56875 	 -0.23625 	
-16 	 36 	 1016 	0 	 2 	 87 	-0.28 	 0.5425 	 -0.1925 	
-15 	 35 	 1016 	0 	 2 	 87 	-0.27125 	 0.55125 	 -0.20125 	
-16 	 35 	 1016 	0 	 2 	 87 	-0.25375 	 0.53375 	 -0.20125 	
-16 	 36 	 1017 	0 	 2 	 87 	-0.2625 	 0.595 	 -0.1925 	
-17 	 35 	 1017 	0 	 2 	 87 	-0.28 	 0.56 	 -0.20125 	
-16 	 35 	 1016 	0 	 2 	 87 	-0.1925 	 0.56 	 -0.175 	
-16 	 35 	 1015 	0 	 1 	 88 	-0.245 	 0.56875 	 -0.14875 	
-15 	 34 	 1016 	0 	 1 	 88 	-0.23625 	 0.58625 	 -0.1575 	
-14 	 35 	 1015 	0 	 1 	 88 	-0.2625 	 0.58625 	 -0.1925 	
-16 	 35 	 1016 	0 	 1 	 88 	-0.2625 	 0.5775 	 -0.23625 	
-15 	 36 	 1015 	0 	 2 	 87 	-0.30625 	 0.55125 	 -0.23625 	
-16 	 37 	 1017 	0 	 2 	 87 	-0.25375 	 0.56875 	 -0.25375 	
-16 	 37 	 1016 	0 	 2 	 87 	-0.16625 	 0.595 	 -0.175 	
-16 	 35 	 1017 	0 	 2 	 87 	-0.175 	 0.595 	 -0.105 	
-16 	 35 	 1016 	0 	 2 	 87 	-0.1225 	 0.60375 	 -0.035 	
-15 	 34 	 1015 	0 	 1 	 88 	-0.1225 	 0.6125 	 0.00875 	
-15 	 35 	 1015 	0 	 2 	 87 	-0.1925 	 0.5775 	 -0.06125 	
-15 	 35 	 1017 	0 	 2 	 87 	-0.32375 	 0.5425 	 -0.035 	
-15 	 35 	 1016 	0 	 2 	 87 	-0.32375 	 0.5425 	 -0.02625 	
-15 	 35 	 1015 	0 	 1 	 88 	-0.3325 	 0.55125 	 -0.06125 	
-15 	 34 	 1015 	0 	 1 	 88 	-0.32375 	 0.5425 	 -0.14 	
-15 	 35 	 1015 	0 	 2 	 87 	-0.2975 	 0.53375 	 -0.21875 	
-16 	 36 	 1015 	0 	 2 	 87 	-0.28 	 0.58625 	 -0.23625 	
-16 	 37 	 1016 	0 	 2 	 87 	-0.28 	 0.5775 	 -0.175 	
-16 	 36 	 1015 	0 	 2 	 87 	-0.25375 	 0.56 	 -0.14 	
-15 	 35 	 1016 	0 	 1 	 88 	-0.23625 	 0.5775 	 -0.035 	
-15 	 35 	 1015 	0 	 2 	 87 	-0.30625 	 0.53375 	 -0.02625 	
-14 	 35 	 1016 	0 	 1 	 88 	-0.3325 	 0.56 	 -0.00875 	
-14 	 35 	 1015 	0 	 1 	 88 	-0.32375 	 0.5425 	 -0.035 	
-17 	 37 	 1016 	0 	 2 	 87 	-0.37625 	 0.51625 	 -0.11375 	
-17 	 37 	 1016 	0 	 2 	 87 	-0.32375 	 0.55125 	 -0.1575 	
-16 	 36 	 1016 	0 	 2 	 87 	-0.28 	 0.5425 	 -0.175 	
-15 	 36 	 1016 	0 	 2 	 87 	-0.30625 	 0.525 	 -0.1575 	
-15 	 35 	 1016 	0 	 1 	 88 	-0.315 	 0.525 	 -0.105 	
-15 	 34 	 1015 	0 	 1 	 88 	-0.30625 	 0.525 	 -0.13125 	
-15 	 36 	 1017 	0 	 2 	 87 	-0.21875 	 0.56875 	 -0.04375 	
-17 	 36 	 1017 	0 	 2 	 87 	-0.23625 	 0.62125 	 -0.0175 	
-17 	 37 	 1017 	0 	 2 	 87 	-0.2275 	 0.5775 	 0.0875 	
-15 	 35 	 1016 	0 	 2 	 87 	-0.32375 	 0.56 	 0.20125 	
-16 	 36 	 1016 	0 	 2 	 87 	-0.37625 	 0.5775 	 0.16625 	
-16 	 36 	 1016 	0 	 2 	 87 	-0.315 	 0.5425 	 0.13125 	
